1000000000
1000
3 4 3 3 3 3 4 4 4 4 3 3 3 4 4 3 3 3 4 3 4 4 4 4 3 4 4 3 3 4 4 4 4 3 4 4 4 4 4 3 4 4 4 3 3 3 3 4 3 4 3 3 3 4 3 3 4 4 3 4 4 4 3 4 3 4 3 4 4 4 3 4 3 4 4 4 3 3 3 4 4 4 3 3 4 3 3 4 3 4 4 3 4 4 4 4 4 3 4 3 4 4 4 3 4 4 3 4 3 3 3 4 4 3 3 4 4 3 3 3 4 4 3 3 3 4 3 4 4 4 4 3 3 4 4 3 4 3 3 4 4 3 4 4 3 4 3 3 3 3 3 4 4 4 4 3 3 4 4 4 4 3 3 4 3 3 4 3 4 4 3 3 4 3 3 4 4 4 3 4 3 4 4 3 4 3 3 3 4 3 4 4 3 4 4 3 3 3 4 4 3 4 4 3 3 4 4 4 4 4 4 3 3 3 4 4 4 3 4 3 3 4 4 4 3 3 4 4 3 4 3 3 3 4 3 3 4 4 4 3 3 4 3 3 3 4 4 3 3 4 3 3 4 4 3 4 4 3 4 4 3 4 4 4 4 4 3 3 4 4 3 4 3 3 3 4 4 3 4 3 3 4 3 3 3 3 4 3 4 4 3 3 3 4 4 3 4 3 4 3 3 3 3 4 4 4 3 4 3 3 3 3 3 3 3 3 4 3 4 4 4 3 4 4 3 4 3 4 4 4 4 3 4 4 3 4 4 4 4 3 4 4 4 4 4 3 4 3 3 3 4 3 3 3 3 4 4 4 3 3 4 4 3 4 4 4 3 3 4 4 3 4 4 3 4 3 3 3 3 4 4 4 4 4 3 4 4 4 3 4 4 4 3 4 4 3 4 3 4 4 4 3 4 4 4 3 4 3 4 3 4 3 4 3 3 4 3 4 3 4 3 4 3 4 3 4 3 4 3 4 3 3 4 4 4 4 3 3 3 3 4 4 3 3 3 4 3 4 3 3 3 3 3 4 3 4 3 4 4 4 3 3 4 3 3 4 4 3 4 3 3 4 4 4 3 4 4 3 4 4 4 4 3 3 3 3 4 3 3 3 3 3 3 3 4 4 3 3 3 4 3 3 3 4 4 4 4 4 3 3 3 4 3 4 4 3 4 4 3 3 3 3 4 3 4 4 3 3 3 4 3 3 4 3 4 4 3 3 4 4 3 4 4 4 4 3 4 4 4 4 3 3 3 3 3 3 4 4 4 4 3 3 3 3 4 4 4 3 3 3 4 3 3 3 4 3 4 4 3 3 3 3 4 3 3 4 4 4 3 3 4 3 3 3 3 4 4 4 3 3 3 3 4 3 4 4 4 4 4 3 4 4 3 3 3 3 3 3 3 4 4 4 4 3 3 4 3 4 4 3 4 3 4 4 3 4 4 4 3 4 4 3 3 4 4 4 4 3 4 4 3 4 3 3 3 4 4 4 4 4 4 4 4 4 3 3 3 4 3 3 3 3 4 4 4 4 3 3 4 4 3 4 4 4 4 4 3 3 4 4 3 4 3 3 3 4 4 4 3 4 4 3 3 4 4 3 3 4 4 3 3 4 3 3 4 3 3 3 3 4 4 3 3 3 4 3 4 3 3 4 3 3 4 4 4 3 3 3 3 4 3 4 3 4 3 4 4 3 3 4 4 3 3 4 3 3 4 4 4 4 3 4 3 3 3 3 3 4 4 4 4 3 3 3 4 3 3 4 3 4 4 3 4 3 3 4 3 3 4 4 3 4 4 3 4 4 3 3 3 4 4 3 3 4 3 4 4 4 4 3 4 3 3 4 4 3 4 3 3 4 3 3 4 3 4 3 3 4 4 3 4 4 3 3 3 3 4 3 4 4 3 4 3 3 3 3 4 4 4 3 4 4 3 3 3 4 4 4 3 4 3 4 4 4 4 4 3 4 3 4 4 4 4 3 3 3 3 4 4 3 4 3 4 4 3 3 3 3 3 4 4 4 4 3 3 4 4 3 3 3 4 4 4 3 3 3 4 4 4 4 4 3 4 3 3 3 4 3 3 4 3 4 3 4 3 4 3 4 3 4 3 4 4 4 3 4 3 4 3 3 3 3 4 3 4 4 4 3 4 4 3 3 3 4 3 4 4 3 4 3 3 4 3 3 3 3 3 4 3 4 3 3 3 4 3 4 4 4 4 4 4 3 4 4 4 3 3 4 4 4 4 4 4 4 3 4 4 4 4 4
3518
1 1
2 1
3 1
4 2
5 2
6 2
7 2
8 3
9 3
10 3
11 4
12 4
13 4
14 5
15 5
16 5
17 6
18 6
19 6
20 7
21 7
22 7
23 7
24 8
25 8
26 8
27 8
28 9
29 9
30 9
31 9
32 10
33 10
34 10
35 10
36 11
37 11
38 11
39 12
40 12
41 12
42 13
43 13
44 13
45 14
46 14
47 14
48 14
49 15
50 15
51 15
52 15
53 16
54 16
55 16
56 17
57 17
58 17
59 18
60 18
61 18
62 19
63 19
64 19
65 19
66 20
67 20
68 20
69 21
70 21
71 21
72 21
73 22
74 22
75 22
76 22
77 23
78 23
79 23
80 23
81 24
82 24
83 24
84 24
85 25
86 25
87 25
88 26
89 26
90 26
91 26
92 27
93 27
94 27
95 27
96 28
97 28
98 28
99 29
100 29
101 29
102 30
103 30
104 30
105 30
106 31
107 31
108 31
109 31
110 32
111 32
112 32
113 32
114 33
115 33
116 33
117 33
118 34
119 34
120 34
121 35
122 35
123 35
124 35
125 36
126 36
127 36
128 36
129 37
130 37
131 37
132 37
133 38
134 38
135 38
136 38
137 39
138 39
139 39
140 39
141 40
142 40
143 40
144 41
145 41
146 41
147 41
148 42
149 42
150 42
151 42
152 43
153 43
154 43
155 43
156 44
157 44
158 44
159 45
160 45
161 45
162 46
163 46
164 46
165 47
166 47
167 47
168 48
169 48
170 48
171 48
172 49
173 49
174 49
175 50
176 50
177 50
178 50
179 51
180 51
181 51
182 52
183 52
184 52
185 53
186 53
187 53
188 54
189 54
190 54
191 54
192 55
193 55
194 55
195 56
196 56
197 56
198 57
199 57
200 57
201 57
202 58
203 58
204 58
205 58
206 59
207 59
208 59
209 60
210 60
211 60
212 60
213 61
214 61
215 61
216 61
217 62
218 62
219 62
220 62
221 63
222 63
223 63
224 64
225 64
226 64
227 64
228 65
229 65
230 65
231 66
232 66
233 66
234 66
235 67
236 67
237 67
238 68
239 68
240 68
241 68
242 69
243 69
244 69
245 69
246 70
247 70
248 70
249 70
250 71
251 71
252 71
253 72
254 72
255 72
256 72
257 73
258 73
259 73
260 74
261 74
262 74
263 74
264 75
265 75
266 75
267 75
268 76
269 76
270 76
271 76
272 77
273 77
274 77
275 78
276 78
277 78
278 79
279 79
280 79
281 80
282 80
283 80
284 80
285 81
286 81
287 81
288 81
289 82
290 82
291 82
292 82
293 83
294 83
295 83
296 84
297 84
298 84
299 85
300 85
301 85
302 85
303 86
304 86
305 86
306 87
307 87
308 87
309 88
310 88
311 88
312 88
313 89
314 89
315 89
316 90
317 90
318 90
319 90
320 91
321 91
322 91
323 91
324 92
325 92
326 92
327 93
328 93
329 93
330 93
331 94
332 94
333 94
334 94
335 95
336 95
337 95
338 95
339 96
340 96
341 96
342 96
343 97
344 97
345 97
346 97
347 98
348 98
349 98
350 99
351 99
352 99
353 99
354 100
355 100
356 100
357 101
358 101
359 101
360 101
361 102
362 102
363 102
364 102
365 103
366 103
367 103
368 103
369 104
370 104
371 104
372 105
373 105
374 105
375 105
376 106
377 106
378 106
379 106
380 107
381 107
382 107
383 108
384 108
385 108
386 108
387 109
388 109
389 109
390 110
391 110
392 110
393 111
394 111
395 111
396 112
397 112
398 112
399 112
400 113
401 113
402 113
403 113
404 114
405 114
406 114
407 115
408 115
409 115
410 116
411 116
412 116
413 116
414 117
415 117
416 117
417 117
418 118
419 118
420 118
421 119
422 119
423 119
424 120
425 120
426 120
427 121
428 121
429 121
430 121
431 122
432 122
433 122
434 122
435 123
436 123
437 123
438 124
439 124
440 124
441 125
442 125
443 125
444 126
445 126
446 126
447 126
448 127
449 127
450 127
451 128
452 128
453 128
454 128
455 129
456 129
457 129
458 129
459 130
460 130
461 130
462 130
463 131
464 131
465 131
466 131
467 132
468 132
469 132
470 133
471 133
472 133
473 134
474 134
475 134
476 134
477 135
478 135
479 135
480 135
481 136
482 136
483 136
484 137
485 137
486 137
487 137
488 138
489 138
490 138
491 139
492 139
493 139
494 140
495 140
496 140
497 140
498 141
499 141
500 141
501 141
502 142
503 142
504 142
505 143
506 143
507 143
508 143
509 144
510 144
511 144
512 144
513 145
514 145
515 145
516 146
517 146
518 146
519 146
520 147
521 147
522 147
523 148
524 148
525 148
526 149
527 149
528 149
529 150
530 150
531 150
532 151
533 151
534 151
535 152
536 152
537 152
538 152
539 153
540 153
541 153
542 153
543 154
544 154
545 154
546 154
547 155
548 155
549 155
550 155
551 156
552 156
553 156
554 157
555 157
556 157
557 158
558 158
559 158
560 158
561 159
562 159
563 159
564 159
565 160
566 160
567 160
568 160
569 161
570 161
571 161
572 161
573 162
574 162
575 162
576 163
577 163
578 163
579 164
580 164
581 164
582 164
583 165
584 165
585 165
586 166
587 166
588 166
589 167
590 167
591 167
592 167
593 168
594 168
595 168
596 169
597 169
598 169
599 169
600 170
601 170
602 170
603 170
604 171
605 171
606 171
607 172
608 172
609 172
610 173
611 173
612 173
613 173
614 174
615 174
616 174
617 175
618 175
619 175
620 176
621 176
622 176
623 176
624 177
625 177
626 177
627 177
628 178
629 178
630 178
631 178
632 179
633 179
634 179
635 180
636 180
637 180
638 180
639 181
640 181
641 181
642 182
643 182
644 182
645 182
646 183
647 183
648 183
649 183
650 184
651 184
652 184
653 185
654 185
655 185
656 185
657 186
658 186
659 186
660 187
661 187
662 187
663 188
664 188
665 188
666 189
667 189
668 189
669 189
670 190
671 190
672 190
673 191
674 191
675 191
676 191
677 192
678 192
679 192
680 192
681 193
682 193
683 193
684 194
685 194
686 194
687 194
688 195
689 195
690 195
691 195
692 196
693 196
694 196
695 197
696 197
697 197
698 198
699 198
700 198
701 199
702 199
703 199
704 199
705 200
706 200
707 200
708 200
709 201
710 201
711 201
712 202
713 202
714 202
715 202
716 203
717 203
718 203
719 203
720 204
721 204
722 204
723 205
724 205
725 205
726 206
727 206
728 206
729 206
730 207
731 207
732 207
733 207
734 208
735 208
736 208
737 208
738 209
739 209
740 209
741 209
742 210
743 210
744 210
745 210
746 211
747 211
748 211
749 211
750 212
751 212
752 212
753 213
754 213
755 213
756 214
757 214
758 214
759 215
760 215
761 215
762 215
763 216
764 216
765 216
766 216
767 217
768 217
769 217
770 217
771 218
772 218
773 218
774 219
775 219
776 219
777 219
778 220
779 220
780 220
781 221
782 221
783 221
784 222
785 222
786 222
787 222
788 223
789 223
790 223
791 223
792 224
793 224
794 224
795 224
796 225
797 225
798 225
799 226
800 226
801 226
802 227
803 227
804 227
805 227
806 228
807 228
808 228
809 228
810 229
811 229
812 229
813 230
814 230
815 230
816 230
817 231
818 231
819 231
820 232
821 232
822 232
823 233
824 233
825 233
826 234
827 234
828 234
829 234
830 235
831 235
832 235
833 236
834 236
835 236
836 237
837 237
838 237
839 237
840 238
841 238
842 238
843 238
844 239
845 239
846 239
847 239
848 240
849 240
850 240
851 241
852 241
853 241
854 242
855 242
856 242
857 242
858 243
859 243
860 243
861 244
862 244
863 244
864 245
865 245
866 245
867 246
868 246
869 246
870 246
871 247
872 247
873 247
874 247
875 248
876 248
877 248
878 249
879 249
880 249
881 250
882 250
883 250
884 250
885 251
886 251
887 251
888 252
889 252
890 252
891 253
892 253
893 253
894 253
895 254
896 254
897 254
898 254
899 255
900 255
901 255
902 256
903 256
904 256
905 256
906 257
907 257
908 257
909 257
910 258
911 258
912 258
913 259
914 259
915 259
916 259
917 260
918 260
919 260
920 260
921 261
922 261
923 261
924 262
925 262
926 262
927 262
928 263
929 263
930 263
931 263
932 264
933 264
934 264
935 264
936 265
937 265
938 265
939 265
940 266
941 266
942 266
943 266
944 267
945 267
946 267
947 268
948 268
949 268
950 269
951 269
952 269
953 269
954 270
955 270
956 270
957 270
958 271
959 271
960 271
961 272
962 272
963 272
964 272
965 273
966 273
967 273
968 274
969 274
970 274
971 275
972 275
973 275
974 276
975 276
976 276
977 276
978 277
979 277
980 277
981 277
982 278
983 278
984 278
985 279
986 279
987 279
988 279
989 280
990 280
991 280
992 281
993 281
994 281
995 282
996 282
997 282
998 282
999 283
1000 283
1001 283
1002 284
1003 284
1004 284
1005 285
1006 285
1007 285
1008 286
1009 286
1010 286
1011 287
1012 287
1013 287
1014 287
1015 288
1016 288
1017 288
1018 289
1019 289
1020 289
1021 289
1022 290
1023 290
1024 290
1025 290
1026 291
1027 291
1028 291
1029 292
1030 292
1031 292
1032 293
1033 293
1034 293
1035 294
1036 294
1037 294
1038 294
1039 295
1040 295
1041 295
1042 295
1043 296
1044 296
1045 296
1046 297
1047 297
1048 297
1049 297
1050 298
1051 298
1052 298
1053 299
1054 299
1055 299
1056 299
1057 300
1058 300
1059 300
1060 301
1061 301
1062 301
1063 302
1064 302
1065 302
1066 303
1067 303
1068 303
1069 304
1070 304
1071 304
1072 304
1073 305
1074 305
1075 305
1076 305
1077 306
1078 306
1079 306
1080 306
1081 307
1082 307
1083 307
1084 308
1085 308
1086 308
1087 308
1088 309
1089 309
1090 309
1091 310
1092 310
1093 310
1094 311
1095 311
1096 311
1097 312
1098 312
1099 312
1100 313
1101 313
1102 313
1103 314
1104 314
1105 314
1106 315
1107 315
1108 315
1109 316
1110 316
1111 316
1112 317
1113 317
1114 317
1115 317
1116 318
1117 318
1118 318
1119 319
1120 319
1121 319
1122 319
1123 320
1124 320
1125 320
1126 320
1127 321
1128 321
1129 321
1130 321
1131 322
1132 322
1133 322
1134 323
1135 323
1136 323
1137 323
1138 324
1139 324
1140 324
1141 324
1142 325
1143 325
1144 325
1145 326
1146 326
1147 326
1148 326
1149 327
1150 327
1151 327
1152 328
1153 328
1154 328
1155 328
1156 329
1157 329
1158 329
1159 329
1160 330
1161 330
1162 330
1163 330
1164 331
1165 331
1166 331
1167 331
1168 332
1169 332
1170 332
1171 333
1172 333
1173 333
1174 333
1175 334
1176 334
1177 334
1178 334
1179 335
1180 335
1181 335
1182 336
1183 336
1184 336
1185 336
1186 337
1187 337
1188 337
1189 337
1190 338
1191 338
1192 338
1193 338
1194 339
1195 339
1196 339
1197 339
1198 340
1199 340
1200 340
1201 341
1202 341
1203 341
1204 341
1205 342
1206 342
1207 342
1208 342
1209 343
1210 343
1211 343
1212 343
1213 344
1214 344
1215 344
1216 344
1217 345
1218 345
1219 345
1220 345
1221 346
1222 346
1223 346
1224 347
1225 347
1226 347
1227 347
1228 348
1229 348
1230 348
1231 349
1232 349
1233 349
1234 350
1235 350
1236 350
1237 351
1238 351
1239 351
1240 351
1241 352
1242 352
1243 352
1244 353
1245 353
1246 353
1247 354
1248 354
1249 354
1250 355
1251 355
1252 355
1253 356
1254 356
1255 356
1256 356
1257 357
1258 357
1259 357
1260 357
1261 358
1262 358
1263 358
1264 358
1265 359
1266 359
1267 359
1268 360
1269 360
1270 360
1271 361
1272 361
1273 361
1274 361
1275 362
1276 362
1277 362
1278 362
1279 363
1280 363
1281 363
1282 364
1283 364
1284 364
1285 364
1286 365
1287 365
1288 365
1289 365
1290 366
1291 366
1292 366
1293 366
1294 367
1295 367
1296 367
1297 368
1298 368
1299 368
1300 369
1301 369
1302 369
1303 369
1304 370
1305 370
1306 370
1307 370
1308 371
1309 371
1310 371
1311 372
1312 372
1313 372
1314 372
1315 373
1316 373
1317 373
1318 373
1319 374
1320 374
1321 374
1322 375
1323 375
1324 375
1325 375
1326 376
1327 376
1328 376
1329 377
1330 377
1331 377
1332 378
1333 378
1334 378
1335 379
1336 379
1337 379
1338 380
1339 380
1340 380
1341 380
1342 381
1343 381
1344 381
1345 381
1346 382
1347 382
1348 382
1349 382
1350 383
1351 383
1352 383
1353 383
1354 384
1355 384
1356 384
1357 384
1358 385
1359 385
1360 385
1361 386
1362 386
1363 386
1364 386
1365 387
1366 387
1367 387
1368 387
1369 388
1370 388
1371 388
1372 388
1373 389
1374 389
1375 389
1376 390
1377 390
1378 390
1379 390
1380 391
1381 391
1382 391
1383 391
1384 392
1385 392
1386 392
1387 392
1388 393
1389 393
1390 393
1391 394
1392 394
1393 394
1394 394
1395 395
1396 395
1397 395
1398 395
1399 396
1400 396
1401 396
1402 397
1403 397
1404 397
1405 397
1406 398
1407 398
1408 398
1409 399
1410 399
1411 399
1412 399
1413 400
1414 400
1415 400
1416 400
1417 401
1418 401
1419 401
1420 401
1421 402
1422 402
1423 402
1424 403
1425 403
1426 403
1427 403
1428 404
1429 404
1430 404
1431 404
1432 405
1433 405
1434 405
1435 405
1436 406
1437 406
1438 406
1439 407
1440 407
1441 407
1442 407
1443 408
1444 408
1445 408
1446 409
1447 409
1448 409
1449 409
1450 410
1451 410
1452 410
1453 411
1454 411
1455 411
1456 411
1457 412
1458 412
1459 412
1460 413
1461 413
1462 413
1463 413
1464 414
1465 414
1466 414
1467 415
1468 415
1469 415
1470 416
1471 416
1472 416
1473 416
1474 417
1475 417
1476 417
1477 418
1478 418
1479 418
1480 418
1481 419
1482 419
1483 419
1484 420
1485 420
1486 420
1487 420
1488 421
1489 421
1490 421
1491 422
1492 422
1493 422
1494 422
1495 423
1496 423
1497 423
1498 424
1499 424
1500 424
1501 424
1502 425
1503 425
1504 425
1505 426
1506 426
1507 426
1508 426
1509 427
1510 427
1511 427
1512 428
1513 428
1514 428
1515 428
1516 429
1517 429
1518 429
1519 430
1520 430
1521 430
1522 430
1523 431
1524 431
1525 431
1526 432
1527 432
1528 432
1529 433
1530 433
1531 433
1532 433
1533 434
1534 434
1535 434
1536 434
1537 435
1538 435
1539 435
1540 435
1541 436
1542 436
1543 436
1544 436
1545 437
1546 437
1547 437
1548 438
1549 438
1550 438
1551 439
1552 439
1553 439
1554 440
1555 440
1556 440
1557 441
1558 441
1559 441
1560 441
1561 442
1562 442
1563 442
1564 442
1565 443
1566 443
1567 443
1568 444
1569 444
1570 444
1571 445
1572 445
1573 445
1574 446
1575 446
1576 446
1577 446
1578 447
1579 447
1580 447
1581 448
1582 448
1583 448
1584 448
1585 449
1586 449
1587 449
1588 450
1589 450
1590 450
1591 451
1592 451
1593 451
1594 452
1595 452
1596 452
1597 453
1598 453
1599 453
1600 454
1601 454
1602 454
1603 454
1604 455
1605 455
1606 455
1607 456
1608 456
1609 456
1610 456
1611 457
1612 457
1613 457
1614 458
1615 458
1616 458
1617 458
1618 459
1619 459
1620 459
1621 459
1622 460
1623 460
1624 460
1625 460
1626 461
1627 461
1628 461
1629 462
1630 462
1631 462
1632 463
1633 463
1634 463
1635 463
1636 464
1637 464
1638 464
1639 465
1640 465
1641 465
1642 466
1643 466
1644 466
1645 466
1646 467
1647 467
1648 467
1649 467
1650 468
1651 468
1652 468
1653 469
1654 469
1655 469
1656 469
1657 470
1658 470
1659 470
1660 471
1661 471
1662 471
1663 472
1664 472
1665 472
1666 472
1667 473
1668 473
1669 473
1670 473
1671 474
1672 474
1673 474
1674 474
1675 475
1676 475
1677 475
1678 476
1679 476
1680 476
1681 476
1682 477
1683 477
1684 477
1685 477
1686 478
1687 478
1688 478
1689 479
1690 479
1691 479
1692 479
1693 480
1694 480
1695 480
1696 480
1697 481
1698 481
1699 481
1700 481
1701 482
1702 482
1703 482
1704 482
1705 483
1706 483
1707 483
1708 484
1709 484
1710 484
1711 485
1712 485
1713 485
1714 486
1715 486
1716 486
1717 487
1718 487
1719 487
1720 487
1721 488
1722 488
1723 488
1724 489
1725 489
1726 489
1727 490
1728 490
1729 490
1730 491
1731 491
1732 491
1733 492
1734 492
1735 492
1736 493
1737 493
1738 493
1739 494
1740 494
1741 494
1742 495
1743 495
1744 495
1745 495
1746 496
1747 496
1748 496
1749 496
1750 497
1751 497
1752 497
1753 498
1754 498
1755 498
1756 499
1757 499
1758 499
1759 500
1760 500
1761 500
1762 500
1763 501
1764 501
1765 501
1766 502
1767 502
1768 502
1769 503
1770 503
1771 503
1772 504
1773 504
1774 504
1775 504
1776 505
1777 505
1778 505
1779 505
1780 506
1781 506
1782 506
1783 506
1784 507
1785 507
1786 507
1787 507
1788 508
1789 508
1790 508
1791 508
1792 509
1793 509
1794 509
1795 510
1796 510
1797 510
1798 511
1799 511
1800 511
1801 512
1802 512
1803 512
1804 512
1805 513
1806 513
1807 513
1808 514
1809 514
1810 514
1811 514
1812 515
1813 515
1814 515
1815 515
1816 516
1817 516
1818 516
1819 517
1820 517
1821 517
1822 517
1823 518
1824 518
1825 518
1826 518
1827 519
1828 519
1829 519
1830 520
1831 520
1832 520
1833 521
1834 521
1835 521
1836 522
1837 522
1838 522
1839 523
1840 523
1841 523
1842 523
1843 524
1844 524
1845 524
1846 525
1847 525
1848 525
1849 525
1850 526
1851 526
1852 526
1853 526
1854 527
1855 527
1856 527
1857 528
1858 528
1859 528
1860 529
1861 529
1862 529
1863 530
1864 530
1865 530
1866 530
1867 531
1868 531
1869 531
1870 532
1871 532
1872 532
1873 533
1874 533
1875 533
1876 533
1877 534
1878 534
1879 534
1880 535
1881 535
1882 535
1883 535
1884 536
1885 536
1886 536
1887 536
1888 537
1889 537
1890 537
1891 538
1892 538
1893 538
1894 539
1895 539
1896 539
1897 539
1898 540
1899 540
1900 540
1901 540
1902 541
1903 541
1904 541
1905 542
1906 542
1907 542
1908 542
1909 543
1910 543
1911 543
1912 543
1913 544
1914 544
1915 544
1916 544
1917 545
1918 545
1919 545
1920 545
1921 546
1922 546
1923 546
1924 547
1925 547
1926 547
1927 547
1928 548
1929 548
1930 548
1931 548
1932 549
1933 549
1934 549
1935 549
1936 550
1937 550
1938 550
1939 550
1940 551
1941 551
1942 551
1943 552
1944 552
1945 552
1946 553
1947 553
1948 553
1949 554
1950 554
1951 554
1952 555
1953 555
1954 555
1955 556
1956 556
1957 556
1958 557
1959 557
1960 557
1961 557
1962 558
1963 558
1964 558
1965 558
1966 559
1967 559
1968 559
1969 559
1970 560
1971 560
1972 560
1973 560
1974 561
1975 561
1976 561
1977 562
1978 562
1979 562
1980 563
1981 563
1982 563
1983 564
1984 564
1985 564
1986 565
1987 565
1988 565
1989 565
1990 566
1991 566
1992 566
1993 566
1994 567
1995 567
1996 567
1997 567
1998 568
1999 568
2000 568
2001 569
2002 569
2003 569
2004 570
2005 570
2006 570
2007 571
2008 571
2009 571
2010 571
2011 572
2012 572
2013 572
2014 573
2015 573
2016 573
2017 574
2018 574
2019 574
2020 575
2021 575
2022 575
2023 575
2024 576
2025 576
2026 576
2027 577
2028 577
2029 577
2030 577
2031 578
2032 578
2033 578
2034 578
2035 579
2036 579
2037 579
2038 580
2039 580
2040 580
2041 581
2042 581
2043 581
2044 582
2045 582
2046 582
2047 583
2048 583
2049 583
2050 583
2051 584
2052 584
2053 584
2054 585
2055 585
2056 585
2057 586
2058 586
2059 586
2060 586
2061 587
2062 587
2063 587
2064 587
2065 588
2066 588
2067 588
2068 588
2069 589
2070 589
2071 589
2072 590
2073 590
2074 590
2075 591
2076 591
2077 591
2078 591
2079 592
2080 592
2081 592
2082 593
2083 593
2084 593
2085 594
2086 594
2087 594
2088 595
2089 595
2090 595
2091 596
2092 596
2093 596
2094 596
2095 597
2096 597
2097 597
2098 597
2099 598
2100 598
2101 598
2102 598
2103 599
2104 599
2105 599
2106 600
2107 600
2108 600
2109 601
2110 601
2111 601
2112 602
2113 602
2114 602
2115 603
2116 603
2117 603
2118 603
2119 604
2120 604
2121 604
2122 605
2123 605
2124 605
2125 605
2126 606
2127 606
2128 606
2129 606
2130 607
2131 607
2132 607
2133 607
2134 608
2135 608
2136 608
2137 608
2138 609
2139 609
2140 609
2141 609
2142 610
2143 610
2144 610
2145 611
2146 611
2147 611
2148 611
2149 612
2150 612
2151 612
2152 612
2153 613
2154 613
2155 613
2156 614
2157 614
2158 614
2159 615
2160 615
2161 615
2162 616
2163 616
2164 616
2165 617
2166 617
2167 617
2168 618
2169 618
2170 618
2171 619
2172 619
2173 619
2174 620
2175 620
2176 620
2177 620
2178 621
2179 621
2180 621
2181 621
2182 622
2183 622
2184 622
2185 622
2186 623
2187 623
2188 623
2189 623
2190 624
2191 624
2192 624
2193 625
2194 625
2195 625
2196 626
2197 626
2198 626
2199 626
2200 627
2201 627
2202 627
2203 628
2204 628
2205 628
2206 628
2207 629
2208 629
2209 629
2210 629
2211 630
2212 630
2213 630
2214 631
2215 631
2216 631
2217 631
2218 632
2219 632
2220 632
2221 633
2222 633
2223 633
2224 633
2225 634
2226 634
2227 634
2228 634
2229 635
2230 635
2231 635
2232 636
2233 636
2234 636
2235 636
2236 637
2237 637
2238 637
2239 637
2240 638
2241 638
2242 638
2243 638
2244 639
2245 639
2246 639
2247 640
2248 640
2249 640
2250 640
2251 641
2252 641
2253 641
2254 641
2255 642
2256 642
2257 642
2258 643
2259 643
2260 643
2261 644
2262 644
2263 644
2264 644
2265 645
2266 645
2267 645
2268 645
2269 646
2270 646
2271 646
2272 646
2273 647
2274 647
2275 647
2276 647
2277 648
2278 648
2279 648
2280 649
2281 649
2282 649
2283 649
2284 650
2285 650
2286 650
2287 650
2288 651
2289 651
2290 651
2291 652
2292 652
2293 652
2294 652
2295 653
2296 653
2297 653
2298 654
2299 654
2300 654
2301 655
2302 655
2303 655
2304 656
2305 656
2306 656
2307 656
2308 657
2309 657
2310 657
2311 657
2312 658
2313 658
2314 658
2315 658
2316 659
2317 659
2318 659
2319 659
2320 660
2321 660
2322 660
2323 660
2324 661
2325 661
2326 661
2327 661
2328 662
2329 662
2330 662
2331 662
2332 663
2333 663
2334 663
2335 663
2336 664
2337 664
2338 664
2339 664
2340 665
2341 665
2342 665
2343 666
2344 666
2345 666
2346 667
2347 667
2348 667
2349 668
2350 668
2351 668
2352 668
2353 669
2354 669
2355 669
2356 670
2357 670
2358 670
2359 671
2360 671
2361 671
2362 672
2363 672
2364 672
2365 673
2366 673
2367 673
2368 673
2369 674
2370 674
2371 674
2372 674
2373 675
2374 675
2375 675
2376 675
2377 676
2378 676
2379 676
2380 676
2381 677
2382 677
2383 677
2384 678
2385 678
2386 678
2387 679
2388 679
2389 679
2390 679
2391 680
2392 680
2393 680
2394 680
2395 681
2396 681
2397 681
2398 682
2399 682
2400 682
2401 682
2402 683
2403 683
2404 683
2405 683
2406 684
2407 684
2408 684
2409 684
2410 685
2411 685
2412 685
2413 685
2414 686
2415 686
2416 686
2417 686
2418 687
2419 687
2420 687
2421 688
2422 688
2423 688
2424 689
2425 689
2426 689
2427 689
2428 690
2429 690
2430 690
2431 690
2432 691
2433 691
2434 691
2435 692
2436 692
2437 692
2438 692
2439 693
2440 693
2441 693
2442 694
2443 694
2444 694
2445 695
2446 695
2447 695
2448 696
2449 696
2450 696
2451 696
2452 697
2453 697
2454 697
2455 697
2456 698
2457 698
2458 698
2459 698
2460 699
2461 699
2462 699
2463 700
2464 700
2465 700
2466 700
2467 701
2468 701
2469 701
2470 701
2471 702
2472 702
2473 702
2474 703
2475 703
2476 703
2477 704
2478 704
2479 704
2480 704
2481 705
2482 705
2483 705
2484 705
2485 706
2486 706
2487 706
2488 707
2489 707
2490 707
2491 708
2492 708
2493 708
2494 708
2495 709
2496 709
2497 709
2498 709
2499 710
2500 710
2501 710
2502 711
2503 711
2504 711
2505 712
2506 712
2507 712
2508 712
2509 713
2510 713
2511 713
2512 714
2513 714
2514 714
2515 715
2516 715
2517 715
2518 715
2519 716
2520 716
2521 716
2522 717
2523 717
2524 717
2525 718
2526 718
2527 718
2528 719
2529 719
2530 719
2531 720
2532 720
2533 720
2534 720
2535 721
2536 721
2537 721
2538 721
2539 722
2540 722
2541 722
2542 723
2543 723
2544 723
2545 724
2546 724
2547 724
2548 725
2549 725
2550 725
2551 725
2552 726
2553 726
2554 726
2555 727
2556 727
2557 727
2558 727
2559 728
2560 728
2561 728
2562 729
2563 729
2564 729
2565 730
2566 730
2567 730
2568 730
2569 731
2570 731
2571 731
2572 732
2573 732
2574 732
2575 733
2576 733
2577 733
2578 733
2579 734
2580 734
2581 734
2582 734
2583 735
2584 735
2585 735
2586 735
2587 736
2588 736
2589 736
2590 737
2591 737
2592 737
2593 738
2594 738
2595 738
2596 739
2597 739
2598 739
2599 740
2600 740
2601 740
2602 740
2603 741
2604 741
2605 741
2606 742
2607 742
2608 742
2609 742
2610 743
2611 743
2612 743
2613 744
2614 744
2615 744
2616 744
2617 745
2618 745
2619 745
2620 746
2621 746
2622 746
2623 746
2624 747
2625 747
2626 747
2627 747
2628 748
2629 748
2630 748
2631 749
2632 749
2633 749
2634 750
2635 750
2636 750
2637 750
2638 751
2639 751
2640 751
2641 751
2642 752
2643 752
2644 752
2645 753
2646 753
2647 753
2648 754
2649 754
2650 754
2651 754
2652 755
2653 755
2654 755
2655 756
2656 756
2657 756
2658 757
2659 757
2660 757
2661 757
2662 758
2663 758
2664 758
2665 758
2666 759
2667 759
2668 759
2669 759
2670 760
2671 760
2672 760
2673 760
2674 761
2675 761
2676 761
2677 762
2678 762
2679 762
2680 762
2681 763
2682 763
2683 763
2684 764
2685 764
2686 764
2687 765
2688 765
2689 765
2690 766
2691 766
2692 766
2693 767
2694 767
2695 767
2696 768
2697 768
2698 768
2699 768
2700 769
2701 769
2702 769
2703 769
2704 770
2705 770
2706 770
2707 770
2708 771
2709 771
2710 771
2711 771
2712 772
2713 772
2714 772
2715 773
2716 773
2717 773
2718 774
2719 774
2720 774
2721 775
2722 775
2723 775
2724 775
2725 776
2726 776
2727 776
2728 777
2729 777
2730 777
2731 778
2732 778
2733 778
2734 778
2735 779
2736 779
2737 779
2738 780
2739 780
2740 780
2741 780
2742 781
2743 781
2744 781
2745 781
2746 782
2747 782
2748 782
2749 783
2750 783
2751 783
2752 783
2753 784
2754 784
2755 784
2756 785
2757 785
2758 785
2759 786
2760 786
2761 786
2762 786
2763 787
2764 787
2765 787
2766 788
2767 788
2768 788
2769 789
2770 789
2771 789
2772 789
2773 790
2774 790
2775 790
2776 790
2777 791
2778 791
2779 791
2780 792
2781 792
2782 792
2783 792
2784 793
2785 793
2786 793
2787 793
2788 794
2789 794
2790 794
2791 795
2792 795
2793 795
2794 795
2795 796
2796 796
2797 796
2798 796
2799 797
2800 797
2801 797
2802 798
2803 798
2804 798
2805 799
2806 799
2807 799
2808 800
2809 800
2810 800
2811 800
2812 801
2813 801
2814 801
2815 801
2816 802
2817 802
2818 802
2819 803
2820 803
2821 803
2822 804
2823 804
2824 804
2825 804
2826 805
2827 805
2828 805
2829 806
2830 806
2831 806
2832 806
2833 807
2834 807
2835 807
2836 807
2837 808
2838 808
2839 808
2840 808
2841 809
2842 809
2843 809
2844 809
2845 810
2846 810
2847 810
2848 811
2849 811
2850 811
2851 811
2852 812
2853 812
2854 812
2855 813
2856 813
2857 813
2858 814
2859 814
2860 814
2861 814
2862 815
2863 815
2864 815
2865 815
2866 816
2867 816
2868 816
2869 817
2870 817
2871 817
2872 817
2873 818
2874 818
2875 818
2876 819
2877 819
2878 819
2879 820
2880 820
2881 820
2882 820
2883 821
2884 821
2885 821
2886 822
2887 822
2888 822
2889 823
2890 823
2891 823
2892 823
2893 824
2894 824
2895 824
2896 825
2897 825
2898 825
2899 825
2900 826
2901 826
2902 826
2903 827
2904 827
2905 827
2906 828
2907 828
2908 828
2909 828
2910 829
2911 829
2912 829
2913 829
2914 830
2915 830
2916 830
2917 831
2918 831
2919 831
2920 831
2921 832
2922 832
2923 832
2924 832
2925 833
2926 833
2927 833
2928 834
2929 834
2930 834
2931 835
2932 835
2933 835
2934 836
2935 836
2936 836
2937 837
2938 837
2939 837
2940 837
2941 838
2942 838
2943 838
2944 839
2945 839
2946 839
2947 839
2948 840
2949 840
2950 840
2951 840
2952 841
2953 841
2954 841
2955 842
2956 842
2957 842
2958 842
2959 843
2960 843
2961 843
2962 844
2963 844
2964 844
2965 845
2966 845
2967 845
2968 846
2969 846
2970 846
2971 847
2972 847
2973 847
2974 847
2975 848
2976 848
2977 848
2978 848
2979 849
2980 849
2981 849
2982 849
2983 850
2984 850
2985 850
2986 851
2987 851
2988 851
2989 851
2990 852
2991 852
2992 852
2993 852
2994 853
2995 853
2996 853
2997 854
2998 854
2999 854
3000 855
3001 855
3002 855
3003 856
3004 856
3005 856
3006 856
3007 857
3008 857
3009 857
3010 857
3011 858
3012 858
3013 858
3014 858
3015 859
3016 859
3017 859
3018 860
3019 860
3020 860
3021 860
3022 861
3023 861
3024 861
3025 862
3026 862
3027 862
3028 862
3029 863
3030 863
3031 863
3032 863
3033 864
3034 864
3035 864
3036 864
3037 865
3038 865
3039 865
3040 865
3041 866
3042 866
3043 866
3044 866
3045 867
3046 867
3047 867
3048 868
3049 868
3050 868
3051 868
3052 869
3053 869
3054 869
3055 870
3056 870
3057 870
3058 870
3059 871
3060 871
3061 871
3062 871
3063 872
3064 872
3065 872
3066 872
3067 873
3068 873
3069 873
3070 873
3071 874
3072 874
3073 874
3074 875
3075 875
3076 875
3077 876
3078 876
3079 876
3080 877
3081 877
3082 877
3083 878
3084 878
3085 878
3086 878
3087 879
3088 879
3089 879
3090 879
3091 880
3092 880
3093 880
3094 881
3095 881
3096 881
3097 881
3098 882
3099 882
3100 882
3101 883
3102 883
3103 883
3104 883
3105 884
3106 884
3107 884
3108 884
3109 885
3110 885
3111 885
3112 886
3113 886
3114 886
3115 887
3116 887
3117 887
3118 888
3119 888
3120 888
3121 889
3122 889
3123 889
3124 890
3125 890
3126 890
3127 890
3128 891
3129 891
3130 891
3131 891
3132 892
3133 892
3134 892
3135 892
3136 893
3137 893
3138 893
3139 893
3140 894
3141 894
3142 894
3143 895
3144 895
3145 895
3146 896
3147 896
3148 896
3149 896
3150 897
3151 897
3152 897
3153 897
3154 898
3155 898
3156 898
3157 899
3158 899
3159 899
3160 900
3161 900
3162 900
3163 901
3164 901
3165 901
3166 901
3167 902
3168 902
3169 902
3170 902
3171 903
3172 903
3173 903
3174 903
3175 904
3176 904
3177 904
3178 905
3179 905
3180 905
3181 906
3182 906
3183 906
3184 907
3185 907
3186 907
3187 907
3188 908
3189 908
3190 908
3191 908
3192 909
3193 909
3194 909
3195 909
3196 910
3197 910
3198 910
3199 910
3200 911
3201 911
3202 911
3203 911
3204 912
3205 912
3206 912
3207 913
3208 913
3209 913
3210 913
3211 914
3212 914
3213 914
3214 915
3215 915
3216 915
3217 916
3218 916
3219 916
3220 917
3221 917
3222 917
3223 917
3224 918
3225 918
3226 918
3227 919
3228 919
3229 919
3230 920
3231 920
3232 920
3233 920
3234 921
3235 921
3236 921
3237 922
3238 922
3239 922
3240 922
3241 923
3242 923
3243 923
3244 924
3245 924
3246 924
3247 924
3248 925
3249 925
3250 925
3251 926
3252 926
3253 926
3254 926
3255 927
3256 927
3257 927
3258 928
3259 928
3260 928
3261 928
3262 929
3263 929
3264 929
3265 930
3266 930
3267 930
3268 930
3269 931
3270 931
3271 931
3272 932
3273 932
3274 932
3275 932
3276 933
3277 933
3278 933
3279 933
3280 934
3281 934
3282 934
3283 934
3284 935
3285 935
3286 935
3287 936
3288 936
3289 936
3290 936
3291 937
3292 937
3293 937
3294 938
3295 938
3296 938
3297 938
3298 939
3299 939
3300 939
3301 940
3302 940
3303 940
3304 941
3305 941
3306 941
3307 942
3308 942
3309 942
3310 943
3311 943
3312 943
3313 943
3314 944
3315 944
3316 944
3317 945
3318 945
3319 945
3320 945
3321 946
3322 946
3323 946
3324 946
3325 947
3326 947
3327 947
3328 947
3329 948
3330 948
3331 948
3332 949
3333 949
3334 949
3335 949
3336 950
3337 950
3338 950
3339 950
3340 951
3341 951
3342 951
3343 952
3344 952
3345 952
3346 953
3347 953
3348 953
3349 954
3350 954
3351 954
3352 954
3353 955
3354 955
3355 955
3356 956
3357 956
3358 956
3359 956
3360 957
3361 957
3362 957
3363 957
3364 958
3365 958
3366 958
3367 959
3368 959
3369 959
3370 959
3371 960
3372 960
3373 960
3374 961
3375 961
3376 961
3377 962
3378 962
3379 962
3380 962
3381 963
3382 963
3383 963
3384 964
3385 964
3386 964
3387 965
3388 965
3389 965
3390 966
3391 966
3392 966
3393 967
3394 967
3395 967
3396 968
3397 968
3398 968
3399 968
3400 969
3401 969
3402 969
3403 970
3404 970
3405 970
3406 970
3407 971
3408 971
3409 971
3410 972
3411 972
3412 972
3413 973
3414 973
3415 973
3416 974
3417 974
3418 974
3419 974
3420 975
3421 975
3422 975
3423 976
3424 976
3425 976
3426 976
3427 977
3428 977
3429 977
3430 977
3431 978
3432 978
3433 978
3434 978
3435 979
3436 979
3437 979
3438 979
3439 980
3440 980
3441 980
3442 980
3443 981
3444 981
3445 981
3446 981
3447 982
3448 982
3449 982
3450 983
3451 983
3452 983
3453 983
3454 984
3455 984
3456 984
3457 984
3458 985
3459 985
3460 985
3461 985
3462 986
3463 986
3464 986
3465 987
3466 987
3467 987
3468 988
3469 988
3470 988
3471 988
3472 989
3473 989
3474 989
3475 989
3476 990
3477 990
3478 990
3479 990
3480 991
3481 991
3482 991
3483 991
3484 992
3485 992
3486 992
3487 992
3488 993
3489 993
3490 993
3491 993
3492 994
3493 994
3494 994
3495 994
3496 995
3497 995
3498 995
3499 996
3500 996
3501 996
3502 996
3503 997
3504 997
3505 997
3506 997
3507 998
3508 998
3509 998
3510 998
3511 999
3512 999
3513 999
3514 999
3515 1000
3516 1000
3517 1000
3518 1000
3519
S 1 3
1 2 11
2 3 7
3 4 2
4 5 11
5 6 4
6 7 13
7 8 14
8 9 4
9 10 6
10 11 19
11 12 5
12 13 10
13 14 2
14 15 4
15 16 17
16 17 15
17 18 1
18 19 4
19 20 5
20 21 14
21 22 2
22 23 8
23 24 4
24 25 1
25 26 10
26 27 17
27 28 4
28 29 19
29 30 15
30 31 2
31 32 18
32 33 14
33 34 7
34 35 19
35 36 19
36 37 13
37 38 3
38 39 10
39 40 13
40 41 6
41 42 17
42 43 10
43 44 11
44 45 1
45 46 17
46 47 17
47 48 13
48 49 9
49 50 2
50 51 13
51 52 14
52 53 6
53 54 18
54 55 8
55 56 13
56 57 7
57 58 14
58 59 4
59 60 17
60 61 3
61 62 5
62 63 10
63 64 5
64 65 9
65 66 6
66 67 1
67 68 14
68 69 8
69 70 14
70 71 12
71 72 5
72 73 3
73 74 17
74 75 19
75 76 10
76 77 7
77 78 20
78 79 15
79 80 11
80 81 16
81 82 15
82 83 16
83 84 6
84 85 7
85 86 20
86 87 4
87 88 16
88 89 19
89 90 13
90 91 5
91 92 11
92 93 2
93 94 15
94 95 11
95 96 16
96 97 4
97 98 15
98 99 13
99 100 2
100 101 11
101 102 12
102 103 15
103 104 8
104 105 5
105 106 20
106 107 13
107 108 17
108 109 20
109 110 16
110 111 1
111 112 18
112 113 13
113 114 10
114 115 12
115 116 4
116 117 3
117 118 15
118 119 12
119 120 8
120 121 10
121 122 16
122 123 15
123 124 9
124 125 3
125 126 15
126 127 15
127 128 11
128 129 11
129 130 9
130 131 13
131 132 1
132 133 2
133 134 4
134 135 20
135 136 17
136 137 16
137 138 5
138 139 18
139 140 10
140 141 19
141 142 8
142 143 8
143 144 10
144 145 16
145 146 6
146 147 12
147 148 13
148 149 2
149 150 14
150 151 12
151 152 18
152 153 12
153 154 17
154 155 11
155 156 19
156 157 14
157 158 2
158 159 11
159 160 9
160 161 11
161 162 11
162 163 2
163 164 16
164 165 18
165 166 7
166 167 14
167 168 17
168 169 18
169 170 18
170 171 5
171 172 16
172 173 8
173 174 15
174 175 4
175 176 11
176 177 10
177 178 11
178 179 13
179 180 9
180 181 1
181 182 10
182 183 11
183 184 8
184 185 19
185 186 1
186 187 3
187 188 10
188 189 13
189 190 8
190 191 14
191 192 2
192 193 19
193 194 20
194 195 18
195 196 19
196 197 7
197 198 16
198 199 11
199 200 12
200 201 12
201 202 5
202 203 8
203 204 9
204 205 7
205 206 1
206 207 10
207 208 20
208 209 17
209 210 3
210 211 2
211 212 2
212 213 20
213 214 16
214 215 6
215 216 2
216 217 3
217 218 13
218 219 16
219 220 9
220 221 20
221 222 5
222 223 9
223 224 4
224 225 16
225 226 18
226 227 17
227 228 6
228 229 17
229 230 14
230 231 17
231 232 3
232 233 9
233 234 7
234 235 9
235 236 9
236 237 18
237 238 7
238 239 20
239 240 5
240 241 13
241 242 18
242 243 7
243 244 3
244 245 5
245 246 19
246 247 18
247 248 18
248 249 6
249 250 12
250 251 18
251 252 20
252 253 7
253 254 9
254 255 20
255 256 3
256 257 19
257 258 3
258 259 4
259 260 8
260 261 18
261 262 5
262 263 20
263 264 9
264 265 19
265 266 12
266 267 4
267 268 10
268 269 9
269 270 18
270 271 7
271 272 7
272 273 13
273 274 8
274 275 11
275 276 12
276 277 6
277 278 15
278 279 16
279 280 2
280 281 18
281 282 17
282 283 1
283 284 8
284 285 20
285 286 18
286 287 8
287 288 20
288 289 18
289 290 3
290 291 5
291 292 3
292 293 1
293 294 16
294 295 15
295 296 8
296 297 1
297 298 17
298 299 3
299 300 1
300 301 12
301 302 4
302 303 12
303 304 10
304 305 2
305 306 5
306 307 10
307 308 12
308 309 4
309 310 10
310 311 4
311 312 5
312 313 14
313 314 14
314 315 12
315 316 14
316 317 7
317 318 8
318 319 6
319 320 13
320 321 8
321 322 9
322 323 5
323 324 11
324 325 11
325 326 18
326 327 5
327 328 5
328 329 10
329 330 4
330 331 6
331 332 7
332 333 10
333 334 11
334 335 3
335 336 14
336 337 6
337 338 12
338 339 8
339 340 1
340 341 7
341 342 18
342 343 7
343 344 3
344 345 14
345 346 10
346 347 16
347 348 3
348 349 1
349 350 4
350 351 15
351 352 20
352 353 2
353 354 12
354 355 3
355 356 5
356 357 9
357 358 16
358 359 3
359 360 11
360 361 18
361 362 7
362 363 7
363 364 17
364 365 11
365 366 17
366 367 20
367 368 1
368 369 16
369 370 18
370 371 8
371 372 16
372 373 14
373 374 11
374 375 7
375 376 18
376 377 16
377 378 20
378 379 6
379 380 7
380 381 5
381 382 18
382 383 2
383 384 10
384 385 1
385 386 17
386 387 12
387 388 11
388 389 14
389 390 19
390 391 11
391 392 13
392 393 14
393 394 2
394 395 5
395 396 5
396 397 19
397 398 4
398 399 9
399 400 10
400 401 18
401 402 7
402 403 11
403 404 14
404 405 17
405 406 10
406 407 16
407 408 6
408 409 7
409 410 18
410 411 19
411 412 17
412 413 10
413 414 4
414 415 10
415 416 8
416 417 19
417 418 2
418 419 20
419 420 11
420 421 18
421 422 9
422 423 10
423 424 20
424 425 3
425 426 15
426 427 1
427 428 7
428 429 19
429 430 20
430 431 11
431 432 9
432 433 18
433 434 10
434 435 11
435 436 11
436 437 3
437 438 19
438 439 8
439 440 5
440 441 8
441 442 13
442 443 16
443 444 18
444 445 13
445 446 4
446 447 12
447 448 13
448 449 3
449 450 11
450 451 20
451 452 15
452 453 10
453 454 17
454 455 6
455 456 12
456 457 19
457 458 5
458 459 19
459 460 16
460 461 1
461 462 2
462 463 18
463 464 12
464 465 20
465 466 6
466 467 20
467 468 3
468 469 16
469 470 6
470 471 20
471 472 13
472 473 2
473 474 3
474 475 11
475 476 9
476 477 20
477 478 13
478 479 7
479 480 9
480 481 9
481 482 1
482 483 2
483 484 14
484 485 11
485 486 19
486 487 13
487 488 3
488 489 17
489 490 18
490 491 18
491 492 3
492 493 15
493 494 20
494 495 10
495 496 19
496 497 1
497 498 19
498 499 3
499 500 18
500 501 18
501 502 5
502 503 1
503 504 19
504 505 11
505 506 5
506 507 4
507 508 9
508 509 6
509 510 4
510 511 18
511 512 16
512 513 4
513 514 20
514 515 7
515 516 20
516 517 11
517 518 20
518 519 1
519 520 9
520 521 6
521 522 11
522 523 12
523 524 1
524 525 4
525 526 3
526 527 1
527 528 4
528 529 5
529 530 18
530 531 2
531 532 7
532 533 12
533 534 6
534 535 13
535 536 18
536 537 9
537 538 20
538 539 15
539 540 17
540 541 3
541 542 16
542 543 17
543 544 4
544 545 16
545 546 18
546 547 10
547 548 16
548 549 1
549 550 19
550 551 13
551 552 13
552 553 11
553 554 5
554 555 19
555 556 16
556 557 20
557 558 13
558 559 9
559 560 3
560 561 7
561 562 15
562 563 14
563 564 7
564 565 16
565 566 6
566 567 11
567 568 9
568 569 16
569 570 11
570 571 3
571 572 17
572 573 1
573 574 18
574 575 18
575 576 20
576 577 9
577 578 16
578 579 6
579 580 12
580 581 10
581 582 2
582 583 12
583 584 15
584 585 8
585 586 8
586 587 10
587 588 2
588 589 16
589 590 1
590 591 1
591 592 17
592 593 17
593 594 16
594 595 9
595 596 4
596 597 13
597 598 13
598 599 1
599 600 2
600 601 16
601 602 20
602 603 9
603 604 12
604 605 8
605 606 7
606 607 13
607 608 12
608 609 5
609 610 4
610 611 9
611 612 19
612 613 6
613 614 6
614 615 12
615 616 6
616 617 10
617 618 3
618 619 4
619 620 14
620 621 6
621 622 20
622 623 12
623 624 19
624 625 9
625 626 1
626 627 8
627 628 17
628 629 3
629 630 12
630 631 7
631 632 10
632 633 15
633 634 17
634 635 13
635 636 14
636 637 10
637 638 10
638 639 1
639 640 5
640 641 20
641 642 13
642 643 15
643 644 10
644 645 16
645 646 5
646 647 8
647 648 13
648 649 5
649 650 6
650 651 14
651 652 20
652 653 6
653 654 2
654 655 16
655 656 20
656 657 3
657 658 9
658 659 5
659 660 4
660 661 3
661 662 18
662 663 11
663 664 20
664 665 19
665 666 7
666 667 6
667 668 12
668 669 5
669 670 5
670 671 7
671 672 18
672 673 10
673 674 17
674 675 12
675 676 13
676 677 11
677 678 16
678 679 14
679 680 17
680 681 4
681 682 7
682 683 1
683 684 8
684 685 17
685 686 15
686 687 8
687 688 6
688 689 13
689 690 16
690 691 17
691 692 8
692 693 4
693 694 14
694 695 3
695 696 1
696 697 11
697 698 13
698 699 4
699 700 17
700 701 6
701 702 4
702 703 3
703 704 9
704 705 13
705 706 14
706 707 19
707 708 18
708 709 4
709 710 6
710 711 9
711 712 18
712 713 7
713 714 11
714 715 15
715 716 20
716 717 18
717 718 1
718 719 9
719 720 1
720 721 8
721 722 6
722 723 10
723 724 6
724 725 4
725 726 5
726 727 10
727 728 20
728 729 11
729 730 10
730 731 18
731 732 4
732 733 14
733 734 13
734 735 7
735 736 17
736 737 3
737 738 6
738 739 6
739 740 10
740 741 16
741 742 19
742 743 8
743 744 10
744 745 13
745 746 10
746 747 14
747 748 16
748 749 14
749 750 16
750 751 20
751 752 13
752 753 11
753 754 2
754 755 5
755 756 20
756 757 15
757 758 3
758 759 2
759 760 3
760 761 5
761 762 12
762 763 18
763 764 14
764 765 19
765 766 11
766 767 16
767 768 13
768 769 10
769 770 16
770 771 4
771 772 7
772 773 20
773 774 2
774 775 10
775 776 14
776 777 19
777 778 10
778 779 9
779 780 11
780 781 18
781 782 7
782 783 12
783 784 13
784 785 9
785 786 1
786 787 15
787 788 6
788 789 20
789 790 19
790 791 5
791 792 2
792 793 8
793 794 15
794 795 17
795 796 17
796 797 13
797 798 1
798 799 16
799 800 9
800 801 19
801 802 7
802 803 15
803 804 5
804 805 18
805 806 10
806 807 6
807 808 16
808 809 6
809 810 13
810 811 19
811 812 13
812 813 4
813 814 14
814 815 13
815 816 2
816 817 17
817 818 16
818 819 10
819 820 20
820 821 9
821 822 11
822 823 11
823 824 19
824 825 16
825 826 5
826 827 17
827 828 9
828 829 7
829 830 18
830 831 11
831 832 18
832 833 16
833 834 15
834 835 18
835 836 20
836 837 5
837 838 17
838 839 6
839 840 3
840 841 13
841 842 13
842 843 17
843 844 7
844 845 20
845 846 17
846 847 10
847 848 9
848 849 14
849 850 1
850 851 3
851 852 20
852 853 15
853 854 14
854 855 11
855 856 19
856 857 5
857 858 13
858 859 1
859 860 15
860 861 6
861 862 5
862 863 20
863 864 18
864 865 7
865 866 15
866 867 14
867 868 7
868 869 6
869 870 19
870 871 10
871 872 19
872 873 15
873 874 13
874 875 1
875 876 11
876 877 18
877 878 13
878 879 15
879 880 9
880 881 12
881 882 9
882 883 11
883 884 16
884 885 12
885 886 9
886 887 12
887 888 8
888 889 18
889 890 2
890 891 18
891 892 10
892 893 6
893 894 17
894 895 9
895 896 17
896 897 20
897 898 13
898 899 16
899 900 9
900 901 8
901 902 15
902 903 1
903 904 3
904 905 12
905 906 12
906 907 12
907 908 17
908 909 18
909 910 19
910 911 9
911 912 19
912 913 14
913 914 3
914 915 20
915 916 15
916 917 13
917 918 15
918 919 12
919 920 11
920 921 13
921 922 4
922 923 19
923 924 17
924 925 20
925 926 4
926 927 20
927 928 1
928 929 17
929 930 2
930 931 13
931 932 20
932 933 2
933 934 9
934 935 10
935 936 2
936 937 11
937 938 16
938 939 10
939 940 11
940 941 7
941 942 20
942 943 9
943 944 8
944 945 12
945 946 18
946 947 9
947 948 9
948 949 6
949 950 9
950 951 8
951 952 11
952 953 9
953 954 10
954 955 2
955 956 10
956 957 18
957 958 7
958 959 15
959 960 14
960 961 20
961 962 9
962 963 8
963 964 3
964 965 14
965 966 16
966 967 5
967 968 1
968 969 10
969 970 7
970 971 17
971 972 19
972 973 11
973 974 20
974 975 10
975 976 19
976 977 13
977 978 4
978 979 5
979 980 6
980 981 10
981 982 19
982 983 14
983 984 12
984 985 7
985 986 5
986 987 18
987 988 2
988 989 13
989 990 18
990 991 3
991 992 17
992 993 5
993 994 18
994 995 1
995 996 19
996 997 15
997 998 8
998 999 3
999 1000 14
1000 1001 18
1001 1002 2
1002 1003 11
1003 1004 12
1004 1005 1
1005 1006 6
1006 1007 7
1007 1008 13
1008 1009 10
1009 1010 18
1010 1011 19
1011 1012 4
1012 1013 18
1013 1014 15
1014 1015 18
1015 1016 6
1016 1017 4
1017 1018 3
1018 1019 10
1019 1020 5
1020 1021 15
1021 1022 12
1022 1023 3
1023 1024 8
1024 1025 5
1025 1026 17
1026 1027 6
1027 1028 10
1028 1029 3
1029 1030 12
1030 1031 6
1031 1032 14
1032 1033 7
1033 1034 4
1034 1035 3
1035 1036 10
1036 1037 2
1037 1038 12
1038 1039 4
1039 1040 12
1040 1041 7
1041 1042 14
1042 1043 20
1043 1044 1
1044 1045 13
1045 1046 1
1046 1047 1
1047 1048 13
1048 1049 19
1049 1050 18
1050 1051 14
1051 1052 10
1052 1053 2
1053 1054 12
1054 1055 20
1055 1056 18
1056 1057 11
1057 1058 3
1058 1059 19
1059 1060 8
1060 1061 16
1061 1062 2
1062 1063 1
1063 1064 19
1064 1065 3
1065 1066 12
1066 1067 8
1067 1068 16
1068 1069 19
1069 1070 1
1070 1071 17
1071 1072 18
1072 1073 4
1073 1074 8
1074 1075 8
1075 1076 16
1076 1077 12
1077 1078 4
1078 1079 18
1079 1080 18
1080 1081 14
1081 1082 10
1082 1083 8
1083 1084 14
1084 1085 13
1085 1086 2
1086 1087 9
1087 1088 16
1088 1089 14
1089 1090 1
1090 1091 5
1091 1092 12
1092 1093 10
1093 1094 12
1094 1095 14
1095 1096 5
1096 1097 3
1097 1098 3
1098 1099 12
1099 1100 11
1100 1101 20
1101 1102 14
1102 1103 1
1103 1104 16
1104 1105 1
1105 1106 16
1106 1107 2
1107 1108 16
1108 1109 6
1109 1110 17
1110 1111 5
1111 1112 10
1112 1113 16
1113 1114 4
1114 1115 15
1115 1116 1
1116 1117 9
1117 1118 1
1118 1119 17
1119 1120 14
1120 1121 9
1121 1122 1
1122 1123 8
1123 1124 17
1124 1125 19
1125 1126 15
1126 1127 11
1127 1128 6
1128 1129 7
1129 1130 4
1130 1131 14
1131 1132 17
1132 1133 5
1133 1134 4
1134 1135 5
1135 1136 20
1136 1137 1
1137 1138 13
1138 1139 15
1139 1140 8
1140 1141 17
1141 1142 5
1142 1143 12
1143 1144 6
1144 1145 10
1145 1146 5
1146 1147 16
1147 1148 8
1148 1149 6
1149 1150 8
1150 1151 3
1151 1152 2
1152 1153 20
1153 1154 15
1154 1155 1
1155 1156 13
1156 1157 9
1157 1158 17
1158 1159 1
1159 1160 10
1160 1161 9
1161 1162 11
1162 1163 4
1163 1164 8
1164 1165 4
1165 1166 16
1166 1167 3
1167 1168 15
1168 1169 13
1169 1170 1
1170 1171 18
1171 1172 10
1172 1173 3
1173 1174 10
1174 1175 6
1175 1176 5
1176 1177 15
1177 1178 15
1178 1179 20
1179 1180 11
1180 1181 7
1181 1182 12
1182 1183 3
1183 1184 13
1184 1185 13
1185 1186 20
1186 1187 18
1187 1188 7
1188 1189 10
1189 1190 11
1190 1191 9
1191 1192 11
1192 1193 12
1193 1194 14
1194 1195 10
1195 1196 9
1196 1197 19
1197 1198 12
1198 1199 2
1199 1200 14
1200 1201 14
1201 1202 1
1202 1203 15
1203 1204 7
1204 1205 7
1205 1206 20
1206 1207 18
1207 1208 4
1208 1209 19
1209 1210 16
1210 1211 17
1211 1212 12
1212 1213 19
1213 1214 17
1214 1215 17
1215 1216 3
1216 1217 8
1217 1218 7
1218 1219 16
1219 1220 13
1220 1221 20
1221 1222 5
1222 1223 13
1223 1224 5
1224 1225 10
1225 1226 19
1226 1227 10
1227 1228 9
1228 1229 2
1229 1230 5
1230 1231 8
1231 1232 14
1232 1233 8
1233 1234 12
1234 1235 6
1235 1236 10
1236 1237 14
1237 1238 2
1238 1239 3
1239 1240 14
1240 1241 9
1241 1242 6
1242 1243 9
1243 1244 19
1244 1245 19
1245 1246 1
1246 1247 5
1247 1248 12
1248 1249 19
1249 1250 6
1250 1251 5
1251 1252 12
1252 1253 16
1253 1254 2
1254 1255 11
1255 1256 12
1256 1257 20
1257 1258 17
1258 1259 15
1259 1260 9
1260 1261 12
1261 1262 16
1262 1263 14
1263 1264 20
1264 1265 19
1265 1266 11
1266 1267 10
1267 1268 4
1268 1269 12
1269 1270 12
1270 1271 15
1271 1272 17
1272 1273 18
1273 1274 6
1274 1275 17
1275 1276 8
1276 1277 1
1277 1278 5
1278 1279 6
1279 1280 16
1280 1281 18
1281 1282 10
1282 1283 14
1283 1284 4
1284 1285 12
1285 1286 3
1286 1287 16
1287 1288 16
1288 1289 15
1289 1290 4
1290 1291 4
1291 1292 19
1292 1293 12
1293 1294 10
1294 1295 5
1295 1296 5
1296 1297 1
1297 1298 18
1298 1299 2
1299 1300 15
1300 1301 5
1301 1302 18
1302 1303 7
1303 1304 15
1304 1305 18
1305 1306 18
1306 1307 9
1307 1308 3
1308 1309 4
1309 1310 12
1310 1311 6
1311 1312 3
1312 1313 2
1313 1314 3
1314 1315 11
1315 1316 15
1316 1317 7
1317 1318 1
1318 1319 18
1319 1320 1
1320 1321 2
1321 1322 2
1322 1323 2
1323 1324 7
1324 1325 7
1325 1326 11
1326 1327 1
1327 1328 12
1328 1329 18
1329 1330 7
1330 1331 11
1331 1332 15
1332 1333 18
1333 1334 14
1334 1335 4
1335 1336 13
1336 1337 15
1337 1338 2
1338 1339 9
1339 1340 14
1340 1341 18
1341 1342 2
1342 1343 7
1343 1344 13
1344 1345 8
1345 1346 2
1346 1347 12
1347 1348 6
1348 1349 11
1349 1350 10
1350 1351 11
1351 1352 1
1352 1353 8
1353 1354 12
1354 1355 2
1355 1356 18
1356 1357 14
1357 1358 6
1358 1359 18
1359 1360 3
1360 1361 11
1361 1362 6
1362 1363 2
1363 1364 12
1364 1365 9
1365 1366 9
1366 1367 10
1367 1368 4
1368 1369 5
1369 1370 6
1370 1371 5
1371 1372 8
1372 1373 2
1373 1374 18
1374 1375 20
1375 1376 7
1376 1377 3
1377 1378 15
1378 1379 3
1379 1380 6
1380 1381 19
1381 1382 9
1382 1383 9
1383 1384 16
1384 1385 15
1385 1386 10
1386 1387 3
1387 1388 4
1388 1389 11
1389 1390 4
1390 1391 13
1391 1392 13
1392 1393 2
1393 1394 8
1394 1395 7
1395 1396 1
1396 1397 5
1397 1398 7
1398 1399 12
1399 1400 18
1400 1401 7
1401 1402 2
1402 1403 2
1403 1404 7
1404 1405 12
1405 1406 16
1406 1407 14
1407 1408 2
1408 1409 10
1409 1410 1
1410 1411 6
1411 1412 9
1412 1413 17
1413 1414 4
1414 1415 11
1415 1416 3
1416 1417 11
1417 1418 16
1418 1419 13
1419 1420 13
1420 1421 2
1421 1422 16
1422 1423 19
1423 1424 20
1424 1425 11
1425 1426 14
1426 1427 8
1427 1428 6
1428 1429 2
1429 1430 2
1430 1431 4
1431 1432 20
1432 1433 14
1433 1434 17
1434 1435 11
1435 1436 13
1436 1437 2
1437 1438 12
1438 1439 19
1439 1440 15
1440 1441 18
1441 1442 12
1442 1443 10
1443 1444 3
1444 1445 14
1445 1446 4
1446 1447 17
1447 1448 10
1448 1449 4
1449 1450 14
1450 1451 14
1451 1452 16
1452 1453 8
1453 1454 17
1454 1455 7
1455 1456 1
1456 1457 15
1457 1458 10
1458 1459 10
1459 1460 12
1460 1461 14
1461 1462 20
1462 1463 10
1463 1464 1
1464 1465 3
1465 1466 19
1466 1467 15
1467 1468 1
1468 1469 19
1469 1470 16
1470 1471 19
1471 1472 20
1472 1473 19
1473 1474 19
1474 1475 6
1475 1476 11
1476 1477 20
1477 1478 15
1478 1479 5
1479 1480 11
1480 1481 8
1481 1482 5
1482 1483 12
1483 1484 1
1484 1485 10
1485 1486 16
1486 1487 9
1487 1488 17
1488 1489 17
1489 1490 18
1490 1491 5
1491 1492 12
1492 1493 15
1493 1494 2
1494 1495 17
1495 1496 2
1496 1497 14
1497 1498 14
1498 1499 15
1499 1500 12
1500 1501 3
1501 1502 8
1502 1503 2
1503 1504 20
1504 1505 9
1505 1506 1
1506 1507 19
1507 1508 20
1508 1509 9
1509 1510 19
1510 1511 19
1511 1512 8
1512 1513 20
1513 1514 18
1514 1515 7
1515 1516 15
1516 1517 12
1517 1518 16
1518 1519 6
1519 1520 9
1520 1521 16
1521 1522 4
1522 1523 16
1523 1524 12
1524 1525 17
1525 1526 20
1526 1527 19
1527 1528 17
1528 1529 13
1529 1530 8
1530 1531 16
1531 1532 5
1532 1533 9
1533 1534 5
1534 1535 16
1535 1536 11
1536 1537 11
1537 1538 5
1538 1539 3
1539 1540 10
1540 1541 17
1541 1542 12
1542 1543 9
1543 1544 13
1544 1545 7
1545 1546 6
1546 1547 13
1547 1548 7
1548 1549 20
1549 1550 20
1550 1551 18
1551 1552 20
1552 1553 3
1553 1554 5
1554 1555 13
1555 1556 8
1556 1557 16
1557 1558 19
1558 1559 2
1559 1560 15
1560 1561 19
1561 1562 5
1562 1563 7
1563 1564 13
1564 1565 17
1565 1566 6
1566 1567 10
1567 1568 7
1568 1569 1
1569 1570 20
1570 1571 13
1571 1572 16
1572 1573 10
1573 1574 9
1574 1575 7
1575 1576 2
1576 1577 19
1577 1578 17
1578 1579 6
1579 1580 1
1580 1581 2
1581 1582 7
1582 1583 4
1583 1584 7
1584 1585 9
1585 1586 2
1586 1587 7
1587 1588 16
1588 1589 3
1589 1590 3
1590 1591 14
1591 1592 20
1592 1593 5
1593 1594 18
1594 1595 9
1595 1596 1
1596 1597 18
1597 1598 1
1598 1599 9
1599 1600 3
1600 1601 11
1601 1602 8
1602 1603 17
1603 1604 18
1604 1605 9
1605 1606 20
1606 1607 17
1607 1608 11
1608 1609 10
1609 1610 20
1610 1611 1
1611 1612 11
1612 1613 10
1613 1614 3
1614 1615 7
1615 1616 19
1616 1617 11
1617 1618 1
1618 1619 18
1619 1620 14
1620 1621 9
1621 1622 18
1622 1623 14
1623 1624 17
1624 1625 13
1625 1626 20
1626 1627 3
1627 1628 10
1628 1629 8
1629 1630 1
1630 1631 18
1631 1632 6
1632 1633 4
1633 1634 15
1634 1635 9
1635 1636 12
1636 1637 7
1637 1638 9
1638 1639 17
1639 1640 6
1640 1641 5
1641 1642 20
1642 1643 1
1643 1644 2
1644 1645 9
1645 1646 8
1646 1647 13
1647 1648 9
1648 1649 18
1649 1650 14
1650 1651 19
1651 1652 11
1652 1653 1
1653 1654 19
1654 1655 2
1655 1656 18
1656 1657 11
1657 1658 1
1658 1659 12
1659 1660 12
1660 1661 4
1661 1662 14
1662 1663 17
1663 1664 19
1664 1665 4
1665 1666 10
1666 1667 13
1667 1668 20
1668 1669 9
1669 1670 9
1670 1671 7
1671 1672 4
1672 1673 13
1673 1674 18
1674 1675 1
1675 1676 3
1676 1677 19
1677 1678 16
1678 1679 19
1679 1680 3
1680 1681 4
1681 1682 1
1682 1683 17
1683 1684 20
1684 1685 16
1685 1686 12
1686 1687 11
1687 1688 16
1688 1689 9
1689 1690 4
1690 1691 13
1691 1692 19
1692 1693 19
1693 1694 2
1694 1695 3
1695 1696 3
1696 1697 10
1697 1698 3
1698 1699 20
1699 1700 1
1700 1701 14
1701 1702 16
1702 1703 1
1703 1704 3
1704 1705 18
1705 1706 6
1706 1707 9
1707 1708 9
1708 1709 13
1709 1710 6
1710 1711 15
1711 1712 16
1712 1713 14
1713 1714 11
1714 1715 13
1715 1716 7
1716 1717 14
1717 1718 4
1718 1719 2
1719 1720 20
1720 1721 19
1721 1722 2
1722 1723 1
1723 1724 2
1724 1725 5
1725 1726 17
1726 1727 1
1727 1728 1
1728 1729 16
1729 1730 6
1730 1731 16
1731 1732 19
1732 1733 19
1733 1734 9
1734 1735 12
1735 1736 20
1736 1737 3
1737 1738 15
1738 1739 5
1739 1740 14
1740 1741 1
1741 1742 6
1742 1743 2
1743 1744 5
1744 1745 18
1745 1746 9
1746 1747 5
1747 1748 13
1748 1749 17
1749 1750 19
1750 1751 20
1751 1752 1
1752 1753 17
1753 1754 13
1754 1755 12
1755 1756 16
1756 1757 14
1757 1758 14
1758 1759 4
1759 1760 10
1760 1761 10
1761 1762 10
1762 1763 11
1763 1764 8
1764 1765 18
1765 1766 18
1766 1767 13
1767 1768 14
1768 1769 1
1769 1770 10
1770 1771 18
1771 1772 2
1772 1773 20
1773 1774 3
1774 1775 2
1775 1776 5
1776 1777 10
1777 1778 12
1778 1779 7
1779 1780 13
1780 1781 17
1781 1782 15
1782 1783 10
1783 1784 18
1784 1785 9
1785 1786 13
1786 1787 1
1787 1788 7
1788 1789 8
1789 1790 16
1790 1791 3
1791 1792 10
1792 1793 7
1793 1794 17
1794 1795 2
1795 1796 5
1796 1797 20
1797 1798 14
1798 1799 12
1799 1800 14
1800 1801 20
1801 1802 10
1802 1803 5
1803 1804 19
1804 1805 13
1805 1806 4
1806 1807 17
1807 1808 13
1808 1809 12
1809 1810 11
1810 1811 19
1811 1812 6
1812 1813 13
1813 1814 15
1814 1815 3
1815 1816 5
1816 1817 20
1817 1818 15
1818 1819 11
1819 1820 5
1820 1821 1
1821 1822 19
1822 1823 2
1823 1824 13
1824 1825 4
1825 1826 1
1826 1827 19
1827 1828 3
1828 1829 4
1829 1830 11
1830 1831 20
1831 1832 1
1832 1833 19
1833 1834 7
1834 1835 16
1835 1836 4
1836 1837 2
1837 1838 14
1838 1839 16
1839 1840 10
1840 1841 13
1841 1842 13
1842 1843 13
1843 1844 5
1844 1845 18
1845 1846 3
1846 1847 12
1847 1848 8
1848 1849 12
1849 1850 18
1850 1851 19
1851 1852 5
1852 1853 2
1853 1854 1
1854 1855 9
1855 1856 19
1856 1857 10
1857 1858 7
1858 1859 18
1859 1860 6
1860 1861 10
1861 1862 20
1862 1863 17
1863 1864 5
1864 1865 11
1865 1866 6
1866 1867 8
1867 1868 2
1868 1869 4
1869 1870 14
1870 1871 17
1871 1872 11
1872 1873 2
1873 1874 14
1874 1875 9
1875 1876 6
1876 1877 15
1877 1878 12
1878 1879 2
1879 1880 15
1880 1881 2
1881 1882 4
1882 1883 19
1883 1884 14
1884 1885 6
1885 1886 2
1886 1887 3
1887 1888 16
1888 1889 5
1889 1890 1
1890 1891 8
1891 1892 4
1892 1893 13
1893 1894 19
1894 1895 13
1895 1896 11
1896 1897 12
1897 1898 18
1898 1899 15
1899 1900 18
1900 1901 20
1901 1902 19
1902 1903 20
1903 1904 20
1904 1905 18
1905 1906 3
1906 1907 17
1907 1908 12
1908 1909 16
1909 1910 1
1910 1911 4
1911 1912 1
1912 1913 7
1913 1914 1
1914 1915 7
1915 1916 8
1916 1917 1
1917 1918 19
1918 1919 16
1919 1920 8
1920 1921 16
1921 1922 4
1922 1923 4
1923 1924 19
1924 1925 3
1925 1926 16
1926 1927 15
1927 1928 5
1928 1929 20
1929 1930 4
1930 1931 1
1931 1932 2
1932 1933 12
1933 1934 13
1934 1935 4
1935 1936 4
1936 1937 3
1937 1938 5
1938 1939 20
1939 1940 20
1940 1941 4
1941 1942 11
1942 1943 8
1943 1944 18
1944 1945 12
1945 1946 13
1946 1947 10
1947 1948 5
1948 1949 8
1949 1950 15
1950 1951 10
1951 1952 18
1952 1953 17
1953 1954 13
1954 1955 19
1955 1956 20
1956 1957 16
1957 1958 6
1958 1959 2
1959 1960 8
1960 1961 10
1961 1962 11
1962 1963 15
1963 1964 8
1964 1965 7
1965 1966 20
1966 1967 19
1967 1968 17
1968 1969 2
1969 1970 10
1970 1971 12
1971 1972 12
1972 1973 5
1973 1974 4
1974 1975 9
1975 1976 5
1976 1977 7
1977 1978 7
1978 1979 2
1979 1980 11
1980 1981 12
1981 1982 5
1982 1983 4
1983 1984 1
1984 1985 2
1985 1986 7
1986 1987 20
1987 1988 9
1988 1989 14
1989 1990 7
1990 1991 15
1991 1992 19
1992 1993 3
1993 1994 18
1994 1995 10
1995 1996 13
1996 1997 10
1997 1998 20
1998 1999 11
1999 2000 2
2000 2001 15
2001 2002 9
2002 2003 20
2003 2004 10
2004 2005 6
2005 2006 15
2006 2007 3
2007 2008 6
2008 2009 16
2009 2010 13
2010 2011 15
2011 2012 9
2012 2013 14
2013 2014 18
2014 2015 13
2015 2016 13
2016 2017 6
2017 2018 11
2018 2019 18
2019 2020 14
2020 2021 18
2021 2022 16
2022 2023 14
2023 2024 7
2024 2025 3
2025 2026 19
2026 2027 1
2027 2028 20
2028 2029 17
2029 2030 2
2030 2031 14
2031 2032 1
2032 2033 12
2033 2034 9
2034 2035 7
2035 2036 1
2036 2037 18
2037 2038 16
2038 2039 15
2039 2040 4
2040 2041 4
2041 2042 2
2042 2043 19
2043 2044 10
2044 2045 20
2045 2046 3
2046 2047 20
2047 2048 13
2048 2049 18
2049 2050 4
2050 2051 15
2051 2052 15
2052 2053 5
2053 2054 9
2054 2055 7
2055 2056 8
2056 2057 2
2057 2058 14
2058 2059 13
2059 2060 19
2060 2061 9
2061 2062 5
2062 2063 16
2063 2064 3
2064 2065 13
2065 2066 11
2066 2067 17
2067 2068 16
2068 2069 17
2069 2070 20
2070 2071 17
2071 2072 12
2072 2073 15
2073 2074 19
2074 2075 18
2075 2076 7
2076 2077 7
2077 2078 10
2078 2079 3
2079 2080 5
2080 2081 20
2081 2082 4
2082 2083 9
2083 2084 7
2084 2085 17
2085 2086 18
2086 2087 11
2087 2088 16
2088 2089 9
2089 2090 9
2090 2091 9
2091 2092 9
2092 2093 10
2093 2094 2
2094 2095 1
2095 2096 14
2096 2097 6
2097 2098 15
2098 2099 9
2099 2100 15
2100 2101 14
2101 2102 2
2102 2103 20
2103 2104 19
2104 2105 19
2105 2106 15
2106 2107 4
2107 2108 11
2108 2109 19
2109 2110 13
2110 2111 15
2111 2112 13
2112 2113 3
2113 2114 8
2114 2115 20
2115 2116 19
2116 2117 8
2117 2118 14
2118 2119 7
2119 2120 5
2120 2121 7
2121 2122 3
2122 2123 10
2123 2124 19
2124 2125 16
2125 2126 12
2126 2127 3
2127 2128 17
2128 2129 8
2129 2130 4
2130 2131 1
2131 2132 1
2132 2133 5
2133 2134 13
2134 2135 6
2135 2136 2
2136 2137 8
2137 2138 10
2138 2139 14
2139 2140 1
2140 2141 11
2141 2142 3
2142 2143 8
2143 2144 15
2144 2145 12
2145 2146 11
2146 2147 13
2147 2148 13
2148 2149 20
2149 2150 7
2150 2151 9
2151 2152 17
2152 2153 5
2153 2154 1
2154 2155 13
2155 2156 16
2156 2157 13
2157 2158 12
2158 2159 6
2159 2160 18
2160 2161 11
2161 2162 8
2162 2163 9
2163 2164 16
2164 2165 14
2165 2166 7
2166 2167 16
2167 2168 14
2168 2169 6
2169 2170 7
2170 2171 2
2171 2172 18
2172 2173 17
2173 2174 1
2174 2175 13
2175 2176 4
2176 2177 9
2177 2178 2
2178 2179 12
2179 2180 1
2180 2181 17
2181 2182 12
2182 2183 18
2183 2184 5
2184 2185 1
2185 2186 8
2186 2187 16
2187 2188 1
2188 2189 2
2189 2190 14
2190 2191 10
2191 2192 4
2192 2193 17
2193 2194 20
2194 2195 20
2195 2196 7
2196 2197 13
2197 2198 17
2198 2199 8
2199 2200 12
2200 2201 3
2201 2202 4
2202 2203 16
2203 2204 11
2204 2205 1
2205 2206 2
2206 2207 7
2207 2208 7
2208 2209 18
2209 2210 6
2210 2211 13
2211 2212 2
2212 2213 11
2213 2214 3
2214 2215 20
2215 2216 10
2216 2217 15
2217 2218 1
2218 2219 6
2219 2220 12
2220 2221 18
2221 2222 20
2222 2223 13
2223 2224 14
2224 2225 15
2225 2226 16
2226 2227 18
2227 2228 11
2228 2229 20
2229 2230 5
2230 2231 19
2231 2232 14
2232 2233 19
2233 2234 15
2234 2235 8
2235 2236 13
2236 2237 8
2237 2238 4
2238 2239 15
2239 2240 6
2240 2241 7
2241 2242 11
2242 2243 6
2243 2244 17
2244 2245 9
2245 2246 18
2246 2247 3
2247 2248 16
2248 2249 12
2249 2250 15
2250 2251 14
2251 2252 5
2252 2253 4
2253 2254 1
2254 2255 2
2255 2256 3
2256 2257 5
2257 2258 7
2258 2259 9
2259 2260 19
2260 2261 14
2261 2262 15
2262 2263 5
2263 2264 9
2264 2265 14
2265 2266 12
2266 2267 12
2267 2268 1
2268 2269 19
2269 2270 15
2270 2271 15
2271 2272 8
2272 2273 8
2273 2274 17
2274 2275 12
2275 2276 2
2276 2277 9
2277 2278 14
2278 2279 11
2279 2280 9
2280 2281 14
2281 2282 11
2282 2283 5
2283 2284 20
2284 2285 7
2285 2286 10
2286 2287 11
2287 2288 8
2288 2289 8
2289 2290 4
2290 2291 10
2291 2292 18
2292 2293 12
2293 2294 17
2294 2295 3
2295 2296 10
2296 2297 4
2297 2298 16
2298 2299 8
2299 2300 9
2300 2301 6
2301 2302 11
2302 2303 7
2303 2304 10
2304 2305 18
2305 2306 7
2306 2307 12
2307 2308 18
2308 2309 17
2309 2310 17
2310 2311 8
2311 2312 17
2312 2313 5
2313 2314 20
2314 2315 9
2315 2316 16
2316 2317 20
2317 2318 1
2318 2319 12
2319 2320 13
2320 2321 11
2321 2322 12
2322 2323 13
2323 2324 10
2324 2325 7
2325 2326 7
2326 2327 18
2327 2328 16
2328 2329 17
2329 2330 19
2330 2331 5
2331 2332 10
2332 2333 6
2333 2334 10
2334 2335 8
2335 2336 20
2336 2337 14
2337 2338 13
2338 2339 4
2339 2340 16
2340 2341 2
2341 2342 11
2342 2343 13
2343 2344 12
2344 2345 10
2345 2346 18
2346 2347 8
2347 2348 2
2348 2349 1
2349 2350 1
2350 2351 12
2351 2352 14
2352 2353 8
2353 2354 12
2354 2355 7
2355 2356 3
2356 2357 7
2357 2358 5
2358 2359 14
2359 2360 2
2360 2361 20
2361 2362 10
2362 2363 10
2363 2364 17
2364 2365 12
2365 2366 13
2366 2367 17
2367 2368 4
2368 2369 5
2369 2370 19
2370 2371 6
2371 2372 7
2372 2373 6
2373 2374 6
2374 2375 2
2375 2376 13
2376 2377 16
2377 2378 12
2378 2379 9
2379 2380 5
2380 2381 17
2381 2382 12
2382 2383 7
2383 2384 9
2384 2385 1
2385 2386 13
2386 2387 2
2387 2388 15
2388 2389 20
2389 2390 4
2390 2391 3
2391 2392 17
2392 2393 1
2393 2394 13
2394 2395 10
2395 2396 15
2396 2397 2
2397 2398 9
2398 2399 17
2399 2400 5
2400 2401 6
2401 2402 13
2402 2403 20
2403 2404 14
2404 2405 4
2405 2406 9
2406 2407 11
2407 2408 4
2408 2409 6
2409 2410 17
2410 2411 9
2411 2412 9
2412 2413 13
2413 2414 5
2414 2415 6
2415 2416 15
2416 2417 10
2417 2418 15
2418 2419 15
2419 2420 3
2420 2421 13
2421 2422 15
2422 2423 3
2423 2424 20
2424 2425 11
2425 2426 14
2426 2427 19
2427 2428 18
2428 2429 10
2429 2430 3
2430 2431 11
2431 2432 8
2432 2433 6
2433 2434 5
2434 2435 15
2435 2436 12
2436 2437 6
2437 2438 8
2438 2439 19
2439 2440 6
2440 2441 6
2441 2442 15
2442 2443 4
2443 2444 19
2444 2445 17
2445 2446 20
2446 2447 14
2447 2448 10
2448 2449 13
2449 2450 13
2450 2451 8
2451 2452 20
2452 2453 6
2453 2454 9
2454 2455 5
2455 2456 1
2456 2457 1
2457 2458 13
2458 2459 11
2459 2460 3
2460 2461 11
2461 2462 15
2462 2463 7
2463 2464 12
2464 2465 20
2465 2466 3
2466 2467 16
2467 2468 6
2468 2469 17
2469 2470 7
2470 2471 8
2471 2472 12
2472 2473 14
2473 2474 12
2474 2475 7
2475 2476 10
2476 2477 8
2477 2478 20
2478 2479 16
2479 2480 1
2480 2481 20
2481 2482 10
2482 2483 16
2483 2484 11
2484 2485 11
2485 2486 15
2486 2487 4
2487 2488 12
2488 2489 14
2489 2490 2
2490 2491 12
2491 2492 8
2492 2493 16
2493 2494 15
2494 2495 5
2495 2496 10
2496 2497 8
2497 2498 7
2498 2499 2
2499 2500 20
2500 2501 9
2501 2502 15
2502 2503 12
2503 2504 5
2504 2505 11
2505 2506 11
2506 2507 11
2507 2508 13
2508 2509 7
2509 2510 1
2510 2511 3
2511 2512 8
2512 2513 19
2513 2514 7
2514 2515 15
2515 2516 10
2516 2517 7
2517 2518 13
2518 2519 13
2519 2520 16
2520 2521 5
2521 2522 7
2522 2523 2
2523 2524 19
2524 2525 17
2525 2526 8
2526 2527 7
2527 2528 16
2528 2529 6
2529 2530 9
2530 2531 8
2531 2532 6
2532 2533 8
2533 2534 17
2534 2535 10
2535 2536 15
2536 2537 7
2537 2538 7
2538 2539 13
2539 2540 16
2540 2541 1
2541 2542 17
2542 2543 19
2543 2544 11
2544 2545 12
2545 2546 3
2546 2547 14
2547 2548 17
2548 2549 13
2549 2550 16
2550 2551 7
2551 2552 8
2552 2553 9
2553 2554 5
2554 2555 20
2555 2556 4
2556 2557 4
2557 2558 9
2558 2559 3
2559 2560 9
2560 2561 13
2561 2562 1
2562 2563 4
2563 2564 6
2564 2565 14
2565 2566 5
2566 2567 7
2567 2568 3
2568 2569 6
2569 2570 4
2570 2571 11
2571 2572 11
2572 2573 2
2573 2574 11
2574 2575 7
2575 2576 2
2576 2577 10
2577 2578 4
2578 2579 1
2579 2580 17
2580 2581 4
2581 2582 20
2582 2583 15
2583 2584 18
2584 2585 15
2585 2586 8
2586 2587 20
2587 2588 15
2588 2589 1
2589 2590 11
2590 2591 2
2591 2592 8
2592 2593 2
2593 2594 5
2594 2595 14
2595 2596 1
2596 2597 7
2597 2598 7
2598 2599 13
2599 2600 20
2600 2601 10
2601 2602 9
2602 2603 18
2603 2604 20
2604 2605 18
2605 2606 3
2606 2607 10
2607 2608 6
2608 2609 18
2609 2610 10
2610 2611 5
2611 2612 1
2612 2613 5
2613 2614 3
2614 2615 13
2615 2616 8
2616 2617 12
2617 2618 2
2618 2619 10
2619 2620 17
2620 2621 1
2621 2622 2
2622 2623 20
2623 2624 5
2624 2625 16
2625 2626 4
2626 2627 12
2627 2628 17
2628 2629 17
2629 2630 1
2630 2631 18
2631 2632 1
2632 2633 8
2633 2634 7
2634 2635 10
2635 2636 6
2636 2637 2
2637 2638 20
2638 2639 2
2639 2640 4
2640 2641 18
2641 2642 11
2642 2643 11
2643 2644 13
2644 2645 8
2645 2646 1
2646 2647 19
2647 2648 13
2648 2649 10
2649 2650 14
2650 2651 9
2651 2652 13
2652 2653 1
2653 2654 15
2654 2655 20
2655 2656 4
2656 2657 2
2657 2658 18
2658 2659 8
2659 2660 16
2660 2661 18
2661 2662 18
2662 2663 16
2663 2664 4
2664 2665 5
2665 2666 8
2666 2667 6
2667 2668 19
2668 2669 4
2669 2670 8
2670 2671 19
2671 2672 13
2672 2673 5
2673 2674 14
2674 2675 7
2675 2676 5
2676 2677 14
2677 2678 14
2678 2679 9
2679 2680 13
2680 2681 1
2681 2682 17
2682 2683 7
2683 2684 9
2684 2685 9
2685 2686 17
2686 2687 8
2687 2688 19
2688 2689 13
2689 2690 12
2690 2691 15
2691 2692 11
2692 2693 1
2693 2694 11
2694 2695 8
2695 2696 5
2696 2697 10
2697 2698 3
2698 2699 2
2699 2700 1
2700 2701 10
2701 2702 13
2702 2703 3
2703 2704 15
2704 2705 11
2705 2706 2
2706 2707 10
2707 2708 4
2708 2709 18
2709 2710 19
2710 2711 15
2711 2712 11
2712 2713 2
2713 2714 7
2714 2715 11
2715 2716 14
2716 2717 9
2717 2718 5
2718 2719 4
2719 2720 9
2720 2721 2
2721 2722 5
2722 2723 14
2723 2724 7
2724 2725 9
2725 2726 17
2726 2727 14
2727 2728 9
2728 2729 4
2729 2730 9
2730 2731 7
2731 2732 13
2732 2733 3
2733 2734 3
2734 2735 1
2735 2736 19
2736 2737 14
2737 2738 7
2738 2739 4
2739 2740 5
2740 2741 7
2741 2742 5
2742 2743 14
2743 2744 6
2744 2745 10
2745 2746 5
2746 2747 11
2747 2748 13
2748 2749 7
2749 2750 5
2750 2751 4
2751 2752 11
2752 2753 4
2753 2754 12
2754 2755 11
2755 2756 6
2756 2757 20
2757 2758 18
2758 2759 14
2759 2760 19
2760 2761 6
2761 2762 3
2762 2763 3
2763 2764 11
2764 2765 14
2765 2766 20
2766 2767 11
2767 2768 20
2768 2769 1
2769 2770 2
2770 2771 14
2771 2772 8
2772 2773 3
2773 2774 9
2774 2775 5
2775 2776 13
2776 2777 8
2777 2778 5
2778 2779 4
2779 2780 10
2780 2781 9
2781 2782 17
2782 2783 3
2783 2784 9
2784 2785 15
2785 2786 20
2786 2787 15
2787 2788 9
2788 2789 5
2789 2790 10
2790 2791 2
2791 2792 7
2792 2793 5
2793 2794 1
2794 2795 16
2795 2796 3
2796 2797 14
2797 2798 4
2798 2799 8
2799 2800 9
2800 2801 18
2801 2802 5
2802 2803 2
2803 2804 19
2804 2805 19
2805 2806 20
2806 2807 18
2807 2808 10
2808 2809 19
2809 2810 14
2810 2811 19
2811 2812 18
2812 2813 8
2813 2814 8
2814 2815 3
2815 2816 11
2816 2817 2
2817 2818 8
2818 2819 17
2819 2820 20
2820 2821 4
2821 2822 11
2822 2823 10
2823 2824 4
2824 2825 16
2825 2826 2
2826 2827 10
2827 2828 1
2828 2829 14
2829 2830 2
2830 2831 13
2831 2832 8
2832 2833 3
2833 2834 6
2834 2835 12
2835 2836 10
2836 2837 5
2837 2838 12
2838 2839 16
2839 2840 4
2840 2841 13
2841 2842 10
2842 2843 16
2843 2844 15
2844 2845 13
2845 2846 9
2846 2847 6
2847 2848 1
2848 2849 7
2849 2850 4
2850 2851 18
2851 2852 13
2852 2853 8
2853 2854 19
2854 2855 7
2855 2856 4
2856 2857 14
2857 2858 15
2858 2859 20
2859 2860 20
2860 2861 4
2861 2862 15
2862 2863 13
2863 2864 1
2864 2865 16
2865 2866 7
2866 2867 16
2867 2868 6
2868 2869 17
2869 2870 16
2870 2871 16
2871 2872 3
2872 2873 17
2873 2874 19
2874 2875 10
2875 2876 6
2876 2877 1
2877 2878 5
2878 2879 12
2879 2880 12
2880 2881 17
2881 2882 14
2882 2883 5
2883 2884 18
2884 2885 1
2885 2886 6
2886 2887 18
2887 2888 17
2888 2889 11
2889 2890 13
2890 2891 19
2891 2892 7
2892 2893 11
2893 2894 11
2894 2895 8
2895 2896 10
2896 2897 9
2897 2898 17
2898 2899 18
2899 2900 1
2900 2901 18
2901 2902 17
2902 2903 17
2903 2904 5
2904 2905 11
2905 2906 19
2906 2907 13
2907 2908 4
2908 2909 10
2909 2910 6
2910 2911 3
2911 2912 8
2912 2913 19
2913 2914 15
2914 2915 6
2915 2916 16
2916 2917 16
2917 2918 4
2918 2919 15
2919 2920 2
2920 2921 20
2921 2922 16
2922 2923 1
2923 2924 8
2924 2925 18
2925 2926 7
2926 2927 1
2927 2928 1
2928 2929 2
2929 2930 18
2930 2931 1
2931 2932 20
2932 2933 1
2933 2934 17
2934 2935 18
2935 2936 5
2936 2937 11
2937 2938 19
2938 2939 5
2939 2940 12
2940 2941 20
2941 2942 17
2942 2943 11
2943 2944 6
2944 2945 2
2945 2946 6
2946 2947 7
2947 2948 19
2948 2949 10
2949 2950 14
2950 2951 7
2951 2952 16
2952 2953 2
2953 2954 19
2954 2955 12
2955 2956 12
2956 2957 12
2957 2958 15
2958 2959 6
2959 2960 15
2960 2961 8
2961 2962 14
2962 2963 19
2963 2964 6
2964 2965 17
2965 2966 4
2966 2967 19
2967 2968 9
2968 2969 11
2969 2970 5
2970 2971 3
2971 2972 7
2972 2973 13
2973 2974 1
2974 2975 14
2975 2976 20
2976 2977 7
2977 2978 5
2978 2979 2
2979 2980 12
2980 2981 20
2981 2982 16
2982 2983 5
2983 2984 3
2984 2985 20
2985 2986 3
2986 2987 11
2987 2988 10
2988 2989 11
2989 2990 14
2990 2991 2
2991 2992 1
2992 2993 17
2993 2994 12
2994 2995 19
2995 2996 19
2996 2997 16
2997 2998 18
2998 2999 20
2999 3000 4
3000 3001 9
3001 3002 20
3002 3003 6
3003 3004 14
3004 3005 14
3005 3006 20
3006 3007 2
3007 3008 15
3008 3009 9
3009 3010 15
3010 3011 9
3011 3012 16
3012 3013 20
3013 3014 9
3014 3015 18
3015 3016 13
3016 3017 11
3017 3018 17
3018 3019 6
3019 3020 10
3020 3021 4
3021 3022 9
3022 3023 8
3023 3024 6
3024 3025 7
3025 3026 13
3026 3027 4
3027 3028 20
3028 3029 5
3029 3030 7
3030 3031 2
3031 3032 1
3032 3033 2
3033 3034 14
3034 3035 15
3035 3036 20
3036 3037 17
3037 3038 19
3038 3039 18
3039 3040 18
3040 3041 3
3041 3042 5
3042 3043 19
3043 3044 8
3044 3045 5
3045 3046 20
3046 3047 4
3047 3048 12
3048 3049 19
3049 3050 7
3050 3051 15
3051 3052 18
3052 3053 18
3053 3054 5
3054 3055 11
3055 3056 2
3056 3057 2
3057 3058 10
3058 3059 19
3059 3060 17
3060 3061 7
3061 3062 14
3062 3063 8
3063 3064 1
3064 3065 8
3065 3066 2
3066 3067 2
3067 3068 19
3068 3069 16
3069 3070 12
3070 3071 19
3071 3072 2
3072 3073 6
3073 3074 9
3074 3075 7
3075 3076 9
3076 3077 15
3077 3078 9
3078 3079 17
3079 3080 1
3080 3081 20
3081 3082 3
3082 3083 6
3083 3084 6
3084 3085 6
3085 3086 12
3086 3087 12
3087 3088 15
3088 3089 14
3089 3090 18
3090 3091 14
3091 3092 6
3092 3093 6
3093 3094 2
3094 3095 5
3095 3096 7
3096 3097 4
3097 3098 20
3098 3099 2
3099 3100 15
3100 3101 10
3101 3102 10
3102 3103 16
3103 3104 7
3104 3105 19
3105 3106 18
3106 3107 7
3107 3108 8
3108 3109 15
3109 3110 6
3110 3111 12
3111 3112 10
3112 3113 2
3113 3114 5
3114 3115 4
3115 3116 3
3116 3117 8
3117 3118 16
3118 3119 16
3119 3120 19
3120 3121 8
3121 3122 7
3122 3123 4
3123 3124 2
3124 3125 18
3125 3126 3
3126 3127 17
3127 3128 9
3128 3129 9
3129 3130 18
3130 3131 17
3131 3132 7
3132 3133 4
3133 3134 8
3134 3135 2
3135 3136 18
3136 3137 16
3137 3138 19
3138 3139 8
3139 3140 19
3140 3141 13
3141 3142 14
3142 3143 11
3143 3144 11
3144 3145 5
3145 3146 14
3146 3147 17
3147 3148 11
3148 3149 14
3149 3150 12
3150 3151 14
3151 3152 18
3152 3153 19
3153 3154 1
3154 3155 15
3155 3156 14
3156 3157 20
3157 3158 13
3158 3159 12
3159 3160 6
3160 3161 10
3161 3162 18
3162 3163 12
3163 3164 3
3164 3165 15
3165 3166 2
3166 3167 4
3167 3168 15
3168 3169 9
3169 3170 5
3170 3171 4
3171 3172 20
3172 3173 6
3173 3174 17
3174 3175 15
3175 3176 3
3176 3177 11
3177 3178 8
3178 3179 17
3179 3180 10
3180 3181 9
3181 3182 8
3182 3183 13
3183 3184 19
3184 3185 1
3185 3186 15
3186 3187 2
3187 3188 12
3188 3189 5
3189 3190 16
3190 3191 17
3191 3192 13
3192 3193 13
3193 3194 3
3194 3195 2
3195 3196 14
3196 3197 13
3197 3198 9
3198 3199 4
3199 3200 4
3200 3201 8
3201 3202 8
3202 3203 1
3203 3204 19
3204 3205 6
3205 3206 17
3206 3207 12
3207 3208 4
3208 3209 14
3209 3210 15
3210 3211 20
3211 3212 2
3212 3213 5
3213 3214 16
3214 3215 6
3215 3216 6
3216 3217 2
3217 3218 4
3218 3219 2
3219 3220 5
3220 3221 9
3221 3222 17
3222 3223 19
3223 3224 18
3224 3225 14
3225 3226 19
3226 3227 16
3227 3228 6
3228 3229 19
3229 3230 8
3230 3231 5
3231 3232 6
3232 3233 13
3233 3234 4
3234 3235 1
3235 3236 12
3236 3237 12
3237 3238 13
3238 3239 5
3239 3240 13
3240 3241 10
3241 3242 7
3242 3243 16
3243 3244 16
3244 3245 18
3245 3246 9
3246 3247 20
3247 3248 8
3248 3249 3
3249 3250 11
3250 3251 5
3251 3252 4
3252 3253 17
3253 3254 5
3254 3255 12
3255 3256 7
3256 3257 12
3257 3258 15
3258 3259 16
3259 3260 10
3260 3261 18
3261 3262 16
3262 3263 12
3263 3264 6
3264 3265 10
3265 3266 20
3266 3267 14
3267 3268 9
3268 3269 3
3269 3270 1
3270 3271 3
3271 3272 16
3272 3273 11
3273 3274 19
3274 3275 17
3275 3276 12
3276 3277 3
3277 3278 14
3278 3279 4
3279 3280 8
3280 3281 7
3281 3282 6
3282 3283 6
3283 3284 7
3284 3285 6
3285 3286 9
3286 3287 7
3287 3288 18
3288 3289 9
3289 3290 20
3290 3291 2
3291 3292 9
3292 3293 7
3293 3294 5
3294 3295 17
3295 3296 1
3296 3297 7
3297 3298 3
3298 3299 7
3299 3300 15
3300 3301 17
3301 3302 14
3302 3303 15
3303 3304 5
3304 3305 2
3305 3306 9
3306 3307 3
3307 3308 5
3308 3309 12
3309 3310 1
3310 3311 2
3311 3312 7
3312 3313 17
3313 3314 1
3314 3315 9
3315 3316 19
3316 3317 1
3317 3318 5
3318 3319 14
3319 3320 1
3320 3321 12
3321 3322 4
3322 3323 6
3323 3324 19
3324 3325 20
3325 3326 17
3326 3327 4
3327 3328 1
3328 3329 16
3329 3330 4
3330 3331 8
3331 3332 7
3332 3333 8
3333 3334 17
3334 3335 14
3335 3336 7
3336 3337 2
3337 3338 10
3338 3339 9
3339 3340 15
3340 3341 15
3341 3342 10
3342 3343 8
3343 3344 9
3344 3345 4
3345 3346 12
3346 3347 2
3347 3348 16
3348 3349 19
3349 3350 10
3350 3351 5
3351 3352 7
3352 3353 19
3353 3354 9
3354 3355 4
3355 3356 13
3356 3357 17
3357 3358 14
3358 3359 20
3359 3360 5
3360 3361 20
3361 3362 15
3362 3363 7
3363 3364 1
3364 3365 10
3365 3366 10
3366 3367 11
3367 3368 3
3368 3369 2
3369 3370 4
3370 3371 7
3371 3372 14
3372 3373 17
3373 3374 10
3374 3375 11
3375 3376 6
3376 3377 9
3377 3378 4
3378 3379 7
3379 3380 20
3380 3381 4
3381 3382 1
3382 3383 5
3383 3384 17
3384 3385 18
3385 3386 19
3386 3387 3
3387 3388 7
3388 3389 6
3389 3390 10
3390 3391 6
3391 3392 19
3392 3393 14
3393 3394 2
3394 3395 14
3395 3396 17
3396 3397 1
3397 3398 3
3398 3399 14
3399 3400 9
3400 3401 13
3401 3402 12
3402 3403 10
3403 3404 2
3404 3405 20
3405 3406 3
3406 3407 11
3407 3408 10
3408 3409 16
3409 3410 10
3410 3411 3
3411 3412 9
3412 3413 9
3413 3414 6
3414 3415 15
3415 3416 3
3416 3417 12
3417 3418 15
3418 3419 8
3419 3420 14
3420 3421 17
3421 3422 8
3422 3423 4
3423 3424 8
3424 3425 12
3425 3426 7
3426 3427 20
3427 3428 11
3428 3429 4
3429 3430 3
3430 3431 9
3431 3432 15
3432 3433 15
3433 3434 18
3434 3435 3
3435 3436 14
3436 3437 15
3437 3438 10
3438 3439 7
3439 3440 19
3440 3441 16
3441 3442 17
3442 3443 15
3443 3444 10
3444 3445 11
3445 3446 2
3446 3447 4
3447 3448 16
3448 3449 18
3449 3450 11
3450 3451 5
3451 3452 4
3452 3453 7
3453 3454 5
3454 3455 4
3455 3456 14
3456 3457 20
3457 3458 15
3458 3459 3
3459 3460 8
3460 3461 17
3461 3462 16
3462 3463 9
3463 3464 11
3464 3465 1
3465 3466 20
3466 3467 1
3467 3468 20
3468 3469 9
3469 3470 13
3470 3471 13
3471 3472 3
3472 3473 14
3473 3474 10
3474 3475 20
3475 3476 10
3476 3477 5
3477 3478 14
3478 3479 16
3479 3480 10
3480 3481 12
3481 3482 18
3482 3483 7
3483 3484 8
3484 3485 4
3485 3486 8
3486 3487 3
3487 3488 20
3488 3489 5
3489 3490 17
3490 3491 5
3491 3492 5
3492 3493 20
3493 3494 10
3494 3495 4
3495 3496 20
3496 3497 12
3497 3498 16
3498 3499 2
3499 3500 2
3500 3501 16
3501 3502 6
3502 3503 1
3503 3504 20
3504 3505 7
3505 3506 8
3506 3507 6
3507 3508 20
3508 3509 7
3509 3510 4
3510 3511 20
3511 3512 19
3512 3513 17
3513 3514 15
3514 3515 1
3515 3516 11
3516 3517 14
3517 3518 9
3518 T 13
