1000000000
2
2500 2500
5000
1 1
2 1
3 1
4 1
5 1
6 1
7 1
8 1
9 1
10 1
11 1
12 1
13 1
14 1
15 1
16 1
17 1
18 1
19 1
20 1
21 1
22 1
23 1
24 1
25 1
26 1
27 1
28 1
29 1
30 1
31 1
32 1
33 1
34 1
35 1
36 1
37 1
38 1
39 1
40 1
41 1
42 1
43 1
44 1
45 1
46 1
47 1
48 1
49 1
50 1
51 1
52 1
53 1
54 1
55 1
56 1
57 1
58 1
59 1
60 1
61 1
62 1
63 1
64 1
65 1
66 1
67 1
68 1
69 1
70 1
71 1
72 1
73 1
74 1
75 1
76 1
77 1
78 1
79 1
80 1
81 1
82 1
83 1
84 1
85 1
86 1
87 1
88 1
89 1
90 1
91 1
92 1
93 1
94 1
95 1
96 1
97 1
98 1
99 1
100 1
101 1
102 1
103 1
104 1
105 1
106 1
107 1
108 1
109 1
110 1
111 1
112 1
113 1
114 1
115 1
116 1
117 1
118 1
119 1
120 1
121 1
122 1
123 1
124 1
125 1
126 1
127 1
128 1
129 1
130 1
131 1
132 1
133 1
134 1
135 1
136 1
137 1
138 1
139 1
140 1
141 1
142 1
143 1
144 1
145 1
146 1
147 1
148 1
149 1
150 1
151 1
152 1
153 1
154 1
155 1
156 1
157 1
158 1
159 1
160 1
161 1
162 1
163 1
164 1
165 1
166 1
167 1
168 1
169 1
170 1
171 1
172 1
173 1
174 1
175 1
176 1
177 1
178 1
179 1
180 1
181 1
182 1
183 1
184 1
185 1
186 1
187 1
188 1
189 1
190 1
191 1
192 1
193 1
194 1
195 1
196 1
197 1
198 1
199 1
200 1
201 1
202 1
203 1
204 1
205 1
206 1
207 1
208 1
209 1
210 1
211 1
212 1
213 1
214 1
215 1
216 1
217 1
218 1
219 1
220 1
221 1
222 1
223 1
224 1
225 1
226 1
227 1
228 1
229 1
230 1
231 1
232 1
233 1
234 1
235 1
236 1
237 1
238 1
239 1
240 1
241 1
242 1
243 1
244 1
245 1
246 1
247 1
248 1
249 1
250 1
251 1
252 1
253 1
254 1
255 1
256 1
257 1
258 1
259 1
260 1
261 1
262 1
263 1
264 1
265 1
266 1
267 1
268 1
269 1
270 1
271 1
272 1
273 1
274 1
275 1
276 1
277 1
278 1
279 1
280 1
281 1
282 1
283 1
284 1
285 1
286 1
287 1
288 1
289 1
290 1
291 1
292 1
293 1
294 1
295 1
296 1
297 1
298 1
299 1
300 1
301 1
302 1
303 1
304 1
305 1
306 1
307 1
308 1
309 1
310 1
311 1
312 1
313 1
314 1
315 1
316 1
317 1
318 1
319 1
320 1
321 1
322 1
323 1
324 1
325 1
326 1
327 1
328 1
329 1
330 1
331 1
332 1
333 1
334 1
335 1
336 1
337 1
338 1
339 1
340 1
341 1
342 1
343 1
344 1
345 1
346 1
347 1
348 1
349 1
350 1
351 1
352 1
353 1
354 1
355 1
356 1
357 1
358 1
359 1
360 1
361 1
362 1
363 1
364 1
365 1
366 1
367 1
368 1
369 1
370 1
371 1
372 1
373 1
374 1
375 1
376 1
377 1
378 1
379 1
380 1
381 1
382 1
383 1
384 1
385 1
386 1
387 1
388 1
389 1
390 1
391 1
392 1
393 1
394 1
395 1
396 1
397 1
398 1
399 1
400 1
401 1
402 1
403 1
404 1
405 1
406 1
407 1
408 1
409 1
410 1
411 1
412 1
413 1
414 1
415 1
416 1
417 1
418 1
419 1
420 1
421 1
422 1
423 1
424 1
425 1
426 1
427 1
428 1
429 1
430 1
431 1
432 1
433 1
434 1
435 1
436 1
437 1
438 1
439 1
440 1
441 1
442 1
443 1
444 1
445 1
446 1
447 1
448 1
449 1
450 1
451 1
452 1
453 1
454 1
455 1
456 1
457 1
458 1
459 1
460 1
461 1
462 1
463 1
464 1
465 1
466 1
467 1
468 1
469 1
470 1
471 1
472 1
473 1
474 1
475 1
476 1
477 1
478 1
479 1
480 1
481 1
482 1
483 1
484 1
485 1
486 1
487 1
488 1
489 1
490 1
491 1
492 1
493 1
494 1
495 1
496 1
497 1
498 1
499 1
500 1
501 1
502 1
503 1
504 1
505 1
506 1
507 1
508 1
509 1
510 1
511 1
512 1
513 1
514 1
515 1
516 1
517 1
518 1
519 1
520 1
521 1
522 1
523 1
524 1
525 1
526 1
527 1
528 1
529 1
530 1
531 1
532 1
533 1
534 1
535 1
536 1
537 1
538 1
539 1
540 1
541 1
542 1
543 1
544 1
545 1
546 1
547 1
548 1
549 1
550 1
551 1
552 1
553 1
554 1
555 1
556 1
557 1
558 1
559 1
560 1
561 1
562 1
563 1
564 1
565 1
566 1
567 1
568 1
569 1
570 1
571 1
572 1
573 1
574 1
575 1
576 1
577 1
578 1
579 1
580 1
581 1
582 1
583 1
584 1
585 1
586 1
587 1
588 1
589 1
590 1
591 1
592 1
593 1
594 1
595 1
596 1
597 1
598 1
599 1
600 1
601 1
602 1
603 1
604 1
605 1
606 1
607 1
608 1
609 1
610 1
611 1
612 1
613 1
614 1
615 1
616 1
617 1
618 1
619 1
620 1
621 1
622 1
623 1
624 1
625 1
626 1
627 1
628 1
629 1
630 1
631 1
632 1
633 1
634 1
635 1
636 1
637 1
638 1
639 1
640 1
641 1
642 1
643 1
644 1
645 1
646 1
647 1
648 1
649 1
650 1
651 1
652 1
653 1
654 1
655 1
656 1
657 1
658 1
659 1
660 1
661 1
662 1
663 1
664 1
665 1
666 1
667 1
668 1
669 1
670 1
671 1
672 1
673 1
674 1
675 1
676 1
677 1
678 1
679 1
680 1
681 1
682 1
683 1
684 1
685 1
686 1
687 1
688 1
689 1
690 1
691 1
692 1
693 1
694 1
695 1
696 1
697 1
698 1
699 1
700 1
701 1
702 1
703 1
704 1
705 1
706 1
707 1
708 1
709 1
710 1
711 1
712 1
713 1
714 1
715 1
716 1
717 1
718 1
719 1
720 1
721 1
722 1
723 1
724 1
725 1
726 1
727 1
728 1
729 1
730 1
731 1
732 1
733 1
734 1
735 1
736 1
737 1
738 1
739 1
740 1
741 1
742 1
743 1
744 1
745 1
746 1
747 1
748 1
749 1
750 1
751 1
752 1
753 1
754 1
755 1
756 1
757 1
758 1
759 1
760 1
761 1
762 1
763 1
764 1
765 1
766 1
767 1
768 1
769 1
770 1
771 1
772 1
773 1
774 1
775 1
776 1
777 1
778 1
779 1
780 1
781 1
782 1
783 1
784 1
785 1
786 1
787 1
788 1
789 1
790 1
791 1
792 1
793 1
794 1
795 1
796 1
797 1
798 1
799 1
800 1
801 1
802 1
803 1
804 1
805 1
806 1
807 1
808 1
809 1
810 1
811 1
812 1
813 1
814 1
815 1
816 1
817 1
818 1
819 1
820 1
821 1
822 1
823 1
824 1
825 1
826 1
827 1
828 1
829 1
830 1
831 1
832 1
833 1
834 1
835 1
836 1
837 1
838 1
839 1
840 1
841 1
842 1
843 1
844 1
845 1
846 1
847 1
848 1
849 1
850 1
851 1
852 1
853 1
854 1
855 1
856 1
857 1
858 1
859 1
860 1
861 1
862 1
863 1
864 1
865 1
866 1
867 1
868 1
869 1
870 1
871 1
872 1
873 1
874 1
875 1
876 1
877 1
878 1
879 1
880 1
881 1
882 1
883 1
884 1
885 1
886 1
887 1
888 1
889 1
890 1
891 1
892 1
893 1
894 1
895 1
896 1
897 1
898 1
899 1
900 1
901 1
902 1
903 1
904 1
905 1
906 1
907 1
908 1
909 1
910 1
911 1
912 1
913 1
914 1
915 1
916 1
917 1
918 1
919 1
920 1
921 1
922 1
923 1
924 1
925 1
926 1
927 1
928 1
929 1
930 1
931 1
932 1
933 1
934 1
935 1
936 1
937 1
938 1
939 1
940 1
941 1
942 1
943 1
944 1
945 1
946 1
947 1
948 1
949 1
950 1
951 1
952 1
953 1
954 1
955 1
956 1
957 1
958 1
959 1
960 1
961 1
962 1
963 1
964 1
965 1
966 1
967 1
968 1
969 1
970 1
971 1
972 1
973 1
974 1
975 1
976 1
977 1
978 1
979 1
980 1
981 1
982 1
983 1
984 1
985 1
986 1
987 1
988 1
989 1
990 1
991 1
992 1
993 1
994 1
995 1
996 1
997 1
998 1
999 1
1000 1
1001 1
1002 1
1003 1
1004 1
1005 1
1006 1
1007 1
1008 1
1009 1
1010 1
1011 1
1012 1
1013 1
1014 1
1015 1
1016 1
1017 1
1018 1
1019 1
1020 1
1021 1
1022 1
1023 1
1024 1
1025 1
1026 1
1027 1
1028 1
1029 1
1030 1
1031 1
1032 1
1033 1
1034 1
1035 1
1036 1
1037 1
1038 1
1039 1
1040 1
1041 1
1042 1
1043 1
1044 1
1045 1
1046 1
1047 1
1048 1
1049 1
1050 1
1051 1
1052 1
1053 1
1054 1
1055 1
1056 1
1057 1
1058 1
1059 1
1060 1
1061 1
1062 1
1063 1
1064 1
1065 1
1066 1
1067 1
1068 1
1069 1
1070 1
1071 1
1072 1
1073 1
1074 1
1075 1
1076 1
1077 1
1078 1
1079 1
1080 1
1081 1
1082 1
1083 1
1084 1
1085 1
1086 1
1087 1
1088 1
1089 1
1090 1
1091 1
1092 1
1093 1
1094 1
1095 1
1096 1
1097 1
1098 1
1099 1
1100 1
1101 1
1102 1
1103 1
1104 1
1105 1
1106 1
1107 1
1108 1
1109 1
1110 1
1111 1
1112 1
1113 1
1114 1
1115 1
1116 1
1117 1
1118 1
1119 1
1120 1
1121 1
1122 1
1123 1
1124 1
1125 1
1126 1
1127 1
1128 1
1129 1
1130 1
1131 1
1132 1
1133 1
1134 1
1135 1
1136 1
1137 1
1138 1
1139 1
1140 1
1141 1
1142 1
1143 1
1144 1
1145 1
1146 1
1147 1
1148 1
1149 1
1150 1
1151 1
1152 1
1153 1
1154 1
1155 1
1156 1
1157 1
1158 1
1159 1
1160 1
1161 1
1162 1
1163 1
1164 1
1165 1
1166 1
1167 1
1168 1
1169 1
1170 1
1171 1
1172 1
1173 1
1174 1
1175 1
1176 1
1177 1
1178 1
1179 1
1180 1
1181 1
1182 1
1183 1
1184 1
1185 1
1186 1
1187 1
1188 1
1189 1
1190 1
1191 1
1192 1
1193 1
1194 1
1195 1
1196 1
1197 1
1198 1
1199 1
1200 1
1201 1
1202 1
1203 1
1204 1
1205 1
1206 1
1207 1
1208 1
1209 1
1210 1
1211 1
1212 1
1213 1
1214 1
1215 1
1216 1
1217 1
1218 1
1219 1
1220 1
1221 1
1222 1
1223 1
1224 1
1225 1
1226 1
1227 1
1228 1
1229 1
1230 1
1231 1
1232 1
1233 1
1234 1
1235 1
1236 1
1237 1
1238 1
1239 1
1240 1
1241 1
1242 1
1243 1
1244 1
1245 1
1246 1
1247 1
1248 1
1249 1
1250 1
1251 1
1252 1
1253 1
1254 1
1255 1
1256 1
1257 1
1258 1
1259 1
1260 1
1261 1
1262 1
1263 1
1264 1
1265 1
1266 1
1267 1
1268 1
1269 1
1270 1
1271 1
1272 1
1273 1
1274 1
1275 1
1276 1
1277 1
1278 1
1279 1
1280 1
1281 1
1282 1
1283 1
1284 1
1285 1
1286 1
1287 1
1288 1
1289 1
1290 1
1291 1
1292 1
1293 1
1294 1
1295 1
1296 1
1297 1
1298 1
1299 1
1300 1
1301 1
1302 1
1303 1
1304 1
1305 1
1306 1
1307 1
1308 1
1309 1
1310 1
1311 1
1312 1
1313 1
1314 1
1315 1
1316 1
1317 1
1318 1
1319 1
1320 1
1321 1
1322 1
1323 1
1324 1
1325 1
1326 1
1327 1
1328 1
1329 1
1330 1
1331 1
1332 1
1333 1
1334 1
1335 1
1336 1
1337 1
1338 1
1339 1
1340 1
1341 1
1342 1
1343 1
1344 1
1345 1
1346 1
1347 1
1348 1
1349 1
1350 1
1351 1
1352 1
1353 1
1354 1
1355 1
1356 1
1357 1
1358 1
1359 1
1360 1
1361 1
1362 1
1363 1
1364 1
1365 1
1366 1
1367 1
1368 1
1369 1
1370 1
1371 1
1372 1
1373 1
1374 1
1375 1
1376 1
1377 1
1378 1
1379 1
1380 1
1381 1
1382 1
1383 1
1384 1
1385 1
1386 1
1387 1
1388 1
1389 1
1390 1
1391 1
1392 1
1393 1
1394 1
1395 1
1396 1
1397 1
1398 1
1399 1
1400 1
1401 1
1402 1
1403 1
1404 1
1405 1
1406 1
1407 1
1408 1
1409 1
1410 1
1411 1
1412 1
1413 1
1414 1
1415 1
1416 1
1417 1
1418 1
1419 1
1420 1
1421 1
1422 1
1423 1
1424 1
1425 1
1426 1
1427 1
1428 1
1429 1
1430 1
1431 1
1432 1
1433 1
1434 1
1435 1
1436 1
1437 1
1438 1
1439 1
1440 1
1441 1
1442 1
1443 1
1444 1
1445 1
1446 1
1447 1
1448 1
1449 1
1450 1
1451 1
1452 1
1453 1
1454 1
1455 1
1456 1
1457 1
1458 1
1459 1
1460 1
1461 1
1462 1
1463 1
1464 1
1465 1
1466 1
1467 1
1468 1
1469 1
1470 1
1471 1
1472 1
1473 1
1474 1
1475 1
1476 1
1477 1
1478 1
1479 1
1480 1
1481 1
1482 1
1483 1
1484 1
1485 1
1486 1
1487 1
1488 1
1489 1
1490 1
1491 1
1492 1
1493 1
1494 1
1495 1
1496 1
1497 1
1498 1
1499 1
1500 1
1501 1
1502 1
1503 1
1504 1
1505 1
1506 1
1507 1
1508 1
1509 1
1510 1
1511 1
1512 1
1513 1
1514 1
1515 1
1516 1
1517 1
1518 1
1519 1
1520 1
1521 1
1522 1
1523 1
1524 1
1525 1
1526 1
1527 1
1528 1
1529 1
1530 1
1531 1
1532 1
1533 1
1534 1
1535 1
1536 1
1537 1
1538 1
1539 1
1540 1
1541 1
1542 1
1543 1
1544 1
1545 1
1546 1
1547 1
1548 1
1549 1
1550 1
1551 1
1552 1
1553 1
1554 1
1555 1
1556 1
1557 1
1558 1
1559 1
1560 1
1561 1
1562 1
1563 1
1564 1
1565 1
1566 1
1567 1
1568 1
1569 1
1570 1
1571 1
1572 1
1573 1
1574 1
1575 1
1576 1
1577 1
1578 1
1579 1
1580 1
1581 1
1582 1
1583 1
1584 1
1585 1
1586 1
1587 1
1588 1
1589 1
1590 1
1591 1
1592 1
1593 1
1594 1
1595 1
1596 1
1597 1
1598 1
1599 1
1600 1
1601 1
1602 1
1603 1
1604 1
1605 1
1606 1
1607 1
1608 1
1609 1
1610 1
1611 1
1612 1
1613 1
1614 1
1615 1
1616 1
1617 1
1618 1
1619 1
1620 1
1621 1
1622 1
1623 1
1624 1
1625 1
1626 1
1627 1
1628 1
1629 1
1630 1
1631 1
1632 1
1633 1
1634 1
1635 1
1636 1
1637 1
1638 1
1639 1
1640 1
1641 1
1642 1
1643 1
1644 1
1645 1
1646 1
1647 1
1648 1
1649 1
1650 1
1651 1
1652 1
1653 1
1654 1
1655 1
1656 1
1657 1
1658 1
1659 1
1660 1
1661 1
1662 1
1663 1
1664 1
1665 1
1666 1
1667 1
1668 1
1669 1
1670 1
1671 1
1672 1
1673 1
1674 1
1675 1
1676 1
1677 1
1678 1
1679 1
1680 1
1681 1
1682 1
1683 1
1684 1
1685 1
1686 1
1687 1
1688 1
1689 1
1690 1
1691 1
1692 1
1693 1
1694 1
1695 1
1696 1
1697 1
1698 1
1699 1
1700 1
1701 1
1702 1
1703 1
1704 1
1705 1
1706 1
1707 1
1708 1
1709 1
1710 1
1711 1
1712 1
1713 1
1714 1
1715 1
1716 1
1717 1
1718 1
1719 1
1720 1
1721 1
1722 1
1723 1
1724 1
1725 1
1726 1
1727 1
1728 1
1729 1
1730 1
1731 1
1732 1
1733 1
1734 1
1735 1
1736 1
1737 1
1738 1
1739 1
1740 1
1741 1
1742 1
1743 1
1744 1
1745 1
1746 1
1747 1
1748 1
1749 1
1750 1
1751 1
1752 1
1753 1
1754 1
1755 1
1756 1
1757 1
1758 1
1759 1
1760 1
1761 1
1762 1
1763 1
1764 1
1765 1
1766 1
1767 1
1768 1
1769 1
1770 1
1771 1
1772 1
1773 1
1774 1
1775 1
1776 1
1777 1
1778 1
1779 1
1780 1
1781 1
1782 1
1783 1
1784 1
1785 1
1786 1
1787 1
1788 1
1789 1
1790 1
1791 1
1792 1
1793 1
1794 1
1795 1
1796 1
1797 1
1798 1
1799 1
1800 1
1801 1
1802 1
1803 1
1804 1
1805 1
1806 1
1807 1
1808 1
1809 1
1810 1
1811 1
1812 1
1813 1
1814 1
1815 1
1816 1
1817 1
1818 1
1819 1
1820 1
1821 1
1822 1
1823 1
1824 1
1825 1
1826 1
1827 1
1828 1
1829 1
1830 1
1831 1
1832 1
1833 1
1834 1
1835 1
1836 1
1837 1
1838 1
1839 1
1840 1
1841 1
1842 1
1843 1
1844 1
1845 1
1846 1
1847 1
1848 1
1849 1
1850 1
1851 1
1852 1
1853 1
1854 1
1855 1
1856 1
1857 1
1858 1
1859 1
1860 1
1861 1
1862 1
1863 1
1864 1
1865 1
1866 1
1867 1
1868 1
1869 1
1870 1
1871 1
1872 1
1873 1
1874 1
1875 1
1876 1
1877 1
1878 1
1879 1
1880 1
1881 1
1882 1
1883 1
1884 1
1885 1
1886 1
1887 1
1888 1
1889 1
1890 1
1891 1
1892 1
1893 1
1894 1
1895 1
1896 1
1897 1
1898 1
1899 1
1900 1
1901 1
1902 1
1903 1
1904 1
1905 1
1906 1
1907 1
1908 1
1909 1
1910 1
1911 1
1912 1
1913 1
1914 1
1915 1
1916 1
1917 1
1918 1
1919 1
1920 1
1921 1
1922 1
1923 1
1924 1
1925 1
1926 1
1927 1
1928 1
1929 1
1930 1
1931 1
1932 1
1933 1
1934 1
1935 1
1936 1
1937 1
1938 1
1939 1
1940 1
1941 1
1942 1
1943 1
1944 1
1945 1
1946 1
1947 1
1948 1
1949 1
1950 1
1951 1
1952 1
1953 1
1954 1
1955 1
1956 1
1957 1
1958 1
1959 1
1960 1
1961 1
1962 1
1963 1
1964 1
1965 1
1966 1
1967 1
1968 1
1969 1
1970 1
1971 1
1972 1
1973 1
1974 1
1975 1
1976 1
1977 1
1978 1
1979 1
1980 1
1981 1
1982 1
1983 1
1984 1
1985 1
1986 1
1987 1
1988 1
1989 1
1990 1
1991 1
1992 1
1993 1
1994 1
1995 1
1996 1
1997 1
1998 1
1999 1
2000 1
2001 1
2002 1
2003 1
2004 1
2005 1
2006 1
2007 1
2008 1
2009 1
2010 1
2011 1
2012 1
2013 1
2014 1
2015 1
2016 1
2017 1
2018 1
2019 1
2020 1
2021 1
2022 1
2023 1
2024 1
2025 1
2026 1
2027 1
2028 1
2029 1
2030 1
2031 1
2032 1
2033 1
2034 1
2035 1
2036 1
2037 1
2038 1
2039 1
2040 1
2041 1
2042 1
2043 1
2044 1
2045 1
2046 1
2047 1
2048 1
2049 1
2050 1
2051 1
2052 1
2053 1
2054 1
2055 1
2056 1
2057 1
2058 1
2059 1
2060 1
2061 1
2062 1
2063 1
2064 1
2065 1
2066 1
2067 1
2068 1
2069 1
2070 1
2071 1
2072 1
2073 1
2074 1
2075 1
2076 1
2077 1
2078 1
2079 1
2080 1
2081 1
2082 1
2083 1
2084 1
2085 1
2086 1
2087 1
2088 1
2089 1
2090 1
2091 1
2092 1
2093 1
2094 1
2095 1
2096 1
2097 1
2098 1
2099 1
2100 1
2101 1
2102 1
2103 1
2104 1
2105 1
2106 1
2107 1
2108 1
2109 1
2110 1
2111 1
2112 1
2113 1
2114 1
2115 1
2116 1
2117 1
2118 1
2119 1
2120 1
2121 1
2122 1
2123 1
2124 1
2125 1
2126 1
2127 1
2128 1
2129 1
2130 1
2131 1
2132 1
2133 1
2134 1
2135 1
2136 1
2137 1
2138 1
2139 1
2140 1
2141 1
2142 1
2143 1
2144 1
2145 1
2146 1
2147 1
2148 1
2149 1
2150 1
2151 1
2152 1
2153 1
2154 1
2155 1
2156 1
2157 1
2158 1
2159 1
2160 1
2161 1
2162 1
2163 1
2164 1
2165 1
2166 1
2167 1
2168 1
2169 1
2170 1
2171 1
2172 1
2173 1
2174 1
2175 1
2176 1
2177 1
2178 1
2179 1
2180 1
2181 1
2182 1
2183 1
2184 1
2185 1
2186 1
2187 1
2188 1
2189 1
2190 1
2191 1
2192 1
2193 1
2194 1
2195 1
2196 1
2197 1
2198 1
2199 1
2200 1
2201 1
2202 1
2203 1
2204 1
2205 1
2206 1
2207 1
2208 1
2209 1
2210 1
2211 1
2212 1
2213 1
2214 1
2215 1
2216 1
2217 1
2218 1
2219 1
2220 1
2221 1
2222 1
2223 1
2224 1
2225 1
2226 1
2227 1
2228 1
2229 1
2230 1
2231 1
2232 1
2233 1
2234 1
2235 1
2236 1
2237 1
2238 1
2239 1
2240 1
2241 1
2242 1
2243 1
2244 1
2245 1
2246 1
2247 1
2248 1
2249 1
2250 1
2251 1
2252 1
2253 1
2254 1
2255 1
2256 1
2257 1
2258 1
2259 1
2260 1
2261 1
2262 1
2263 1
2264 1
2265 1
2266 1
2267 1
2268 1
2269 1
2270 1
2271 1
2272 1
2273 1
2274 1
2275 1
2276 1
2277 1
2278 1
2279 1
2280 1
2281 1
2282 1
2283 1
2284 1
2285 1
2286 1
2287 1
2288 1
2289 1
2290 1
2291 1
2292 1
2293 1
2294 1
2295 1
2296 1
2297 1
2298 1
2299 1
2300 1
2301 1
2302 1
2303 1
2304 1
2305 1
2306 1
2307 1
2308 1
2309 1
2310 1
2311 1
2312 1
2313 1
2314 1
2315 1
2316 1
2317 1
2318 1
2319 1
2320 1
2321 1
2322 1
2323 1
2324 1
2325 1
2326 1
2327 1
2328 1
2329 1
2330 1
2331 1
2332 1
2333 1
2334 1
2335 1
2336 1
2337 1
2338 1
2339 1
2340 1
2341 1
2342 1
2343 1
2344 1
2345 1
2346 1
2347 1
2348 1
2349 1
2350 1
2351 1
2352 1
2353 1
2354 1
2355 1
2356 1
2357 1
2358 1
2359 1
2360 1
2361 1
2362 1
2363 1
2364 1
2365 1
2366 1
2367 1
2368 1
2369 1
2370 1
2371 1
2372 1
2373 1
2374 1
2375 1
2376 1
2377 1
2378 1
2379 1
2380 1
2381 1
2382 1
2383 1
2384 1
2385 1
2386 1
2387 1
2388 1
2389 1
2390 1
2391 1
2392 1
2393 1
2394 1
2395 1
2396 1
2397 1
2398 1
2399 1
2400 1
2401 1
2402 1
2403 1
2404 1
2405 1
2406 1
2407 1
2408 1
2409 1
2410 1
2411 1
2412 1
2413 1
2414 1
2415 1
2416 1
2417 1
2418 1
2419 1
2420 1
2421 1
2422 1
2423 1
2424 1
2425 1
2426 1
2427 1
2428 1
2429 1
2430 1
2431 1
2432 1
2433 1
2434 1
2435 1
2436 1
2437 1
2438 1
2439 1
2440 1
2441 1
2442 1
2443 1
2444 1
2445 1
2446 1
2447 1
2448 1
2449 1
2450 1
2451 1
2452 1
2453 1
2454 1
2455 1
2456 1
2457 1
2458 1
2459 1
2460 1
2461 1
2462 1
2463 1
2464 1
2465 1
2466 1
2467 1
2468 1
2469 1
2470 1
2471 1
2472 1
2473 1
2474 1
2475 1
2476 1
2477 1
2478 1
2479 1
2480 1
2481 1
2482 1
2483 1
2484 1
2485 1
2486 1
2487 1
2488 1
2489 1
2490 1
2491 1
2492 1
2493 1
2494 1
2495 1
2496 1
2497 1
2498 1
2499 1
2500 1
2501 2
2502 2
2503 2
2504 2
2505 2
2506 2
2507 2
2508 2
2509 2
2510 2
2511 2
2512 2
2513 2
2514 2
2515 2
2516 2
2517 2
2518 2
2519 2
2520 2
2521 2
2522 2
2523 2
2524 2
2525 2
2526 2
2527 2
2528 2
2529 2
2530 2
2531 2
2532 2
2533 2
2534 2
2535 2
2536 2
2537 2
2538 2
2539 2
2540 2
2541 2
2542 2
2543 2
2544 2
2545 2
2546 2
2547 2
2548 2
2549 2
2550 2
2551 2
2552 2
2553 2
2554 2
2555 2
2556 2
2557 2
2558 2
2559 2
2560 2
2561 2
2562 2
2563 2
2564 2
2565 2
2566 2
2567 2
2568 2
2569 2
2570 2
2571 2
2572 2
2573 2
2574 2
2575 2
2576 2
2577 2
2578 2
2579 2
2580 2
2581 2
2582 2
2583 2
2584 2
2585 2
2586 2
2587 2
2588 2
2589 2
2590 2
2591 2
2592 2
2593 2
2594 2
2595 2
2596 2
2597 2
2598 2
2599 2
2600 2
2601 2
2602 2
2603 2
2604 2
2605 2
2606 2
2607 2
2608 2
2609 2
2610 2
2611 2
2612 2
2613 2
2614 2
2615 2
2616 2
2617 2
2618 2
2619 2
2620 2
2621 2
2622 2
2623 2
2624 2
2625 2
2626 2
2627 2
2628 2
2629 2
2630 2
2631 2
2632 2
2633 2
2634 2
2635 2
2636 2
2637 2
2638 2
2639 2
2640 2
2641 2
2642 2
2643 2
2644 2
2645 2
2646 2
2647 2
2648 2
2649 2
2650 2
2651 2
2652 2
2653 2
2654 2
2655 2
2656 2
2657 2
2658 2
2659 2
2660 2
2661 2
2662 2
2663 2
2664 2
2665 2
2666 2
2667 2
2668 2
2669 2
2670 2
2671 2
2672 2
2673 2
2674 2
2675 2
2676 2
2677 2
2678 2
2679 2
2680 2
2681 2
2682 2
2683 2
2684 2
2685 2
2686 2
2687 2
2688 2
2689 2
2690 2
2691 2
2692 2
2693 2
2694 2
2695 2
2696 2
2697 2
2698 2
2699 2
2700 2
2701 2
2702 2
2703 2
2704 2
2705 2
2706 2
2707 2
2708 2
2709 2
2710 2
2711 2
2712 2
2713 2
2714 2
2715 2
2716 2
2717 2
2718 2
2719 2
2720 2
2721 2
2722 2
2723 2
2724 2
2725 2
2726 2
2727 2
2728 2
2729 2
2730 2
2731 2
2732 2
2733 2
2734 2
2735 2
2736 2
2737 2
2738 2
2739 2
2740 2
2741 2
2742 2
2743 2
2744 2
2745 2
2746 2
2747 2
2748 2
2749 2
2750 2
2751 2
2752 2
2753 2
2754 2
2755 2
2756 2
2757 2
2758 2
2759 2
2760 2
2761 2
2762 2
2763 2
2764 2
2765 2
2766 2
2767 2
2768 2
2769 2
2770 2
2771 2
2772 2
2773 2
2774 2
2775 2
2776 2
2777 2
2778 2
2779 2
2780 2
2781 2
2782 2
2783 2
2784 2
2785 2
2786 2
2787 2
2788 2
2789 2
2790 2
2791 2
2792 2
2793 2
2794 2
2795 2
2796 2
2797 2
2798 2
2799 2
2800 2
2801 2
2802 2
2803 2
2804 2
2805 2
2806 2
2807 2
2808 2
2809 2
2810 2
2811 2
2812 2
2813 2
2814 2
2815 2
2816 2
2817 2
2818 2
2819 2
2820 2
2821 2
2822 2
2823 2
2824 2
2825 2
2826 2
2827 2
2828 2
2829 2
2830 2
2831 2
2832 2
2833 2
2834 2
2835 2
2836 2
2837 2
2838 2
2839 2
2840 2
2841 2
2842 2
2843 2
2844 2
2845 2
2846 2
2847 2
2848 2
2849 2
2850 2
2851 2
2852 2
2853 2
2854 2
2855 2
2856 2
2857 2
2858 2
2859 2
2860 2
2861 2
2862 2
2863 2
2864 2
2865 2
2866 2
2867 2
2868 2
2869 2
2870 2
2871 2
2872 2
2873 2
2874 2
2875 2
2876 2
2877 2
2878 2
2879 2
2880 2
2881 2
2882 2
2883 2
2884 2
2885 2
2886 2
2887 2
2888 2
2889 2
2890 2
2891 2
2892 2
2893 2
2894 2
2895 2
2896 2
2897 2
2898 2
2899 2
2900 2
2901 2
2902 2
2903 2
2904 2
2905 2
2906 2
2907 2
2908 2
2909 2
2910 2
2911 2
2912 2
2913 2
2914 2
2915 2
2916 2
2917 2
2918 2
2919 2
2920 2
2921 2
2922 2
2923 2
2924 2
2925 2
2926 2
2927 2
2928 2
2929 2
2930 2
2931 2
2932 2
2933 2
2934 2
2935 2
2936 2
2937 2
2938 2
2939 2
2940 2
2941 2
2942 2
2943 2
2944 2
2945 2
2946 2
2947 2
2948 2
2949 2
2950 2
2951 2
2952 2
2953 2
2954 2
2955 2
2956 2
2957 2
2958 2
2959 2
2960 2
2961 2
2962 2
2963 2
2964 2
2965 2
2966 2
2967 2
2968 2
2969 2
2970 2
2971 2
2972 2
2973 2
2974 2
2975 2
2976 2
2977 2
2978 2
2979 2
2980 2
2981 2
2982 2
2983 2
2984 2
2985 2
2986 2
2987 2
2988 2
2989 2
2990 2
2991 2
2992 2
2993 2
2994 2
2995 2
2996 2
2997 2
2998 2
2999 2
3000 2
3001 2
3002 2
3003 2
3004 2
3005 2
3006 2
3007 2
3008 2
3009 2
3010 2
3011 2
3012 2
3013 2
3014 2
3015 2
3016 2
3017 2
3018 2
3019 2
3020 2
3021 2
3022 2
3023 2
3024 2
3025 2
3026 2
3027 2
3028 2
3029 2
3030 2
3031 2
3032 2
3033 2
3034 2
3035 2
3036 2
3037 2
3038 2
3039 2
3040 2
3041 2
3042 2
3043 2
3044 2
3045 2
3046 2
3047 2
3048 2
3049 2
3050 2
3051 2
3052 2
3053 2
3054 2
3055 2
3056 2
3057 2
3058 2
3059 2
3060 2
3061 2
3062 2
3063 2
3064 2
3065 2
3066 2
3067 2
3068 2
3069 2
3070 2
3071 2
3072 2
3073 2
3074 2
3075 2
3076 2
3077 2
3078 2
3079 2
3080 2
3081 2
3082 2
3083 2
3084 2
3085 2
3086 2
3087 2
3088 2
3089 2
3090 2
3091 2
3092 2
3093 2
3094 2
3095 2
3096 2
3097 2
3098 2
3099 2
3100 2
3101 2
3102 2
3103 2
3104 2
3105 2
3106 2
3107 2
3108 2
3109 2
3110 2
3111 2
3112 2
3113 2
3114 2
3115 2
3116 2
3117 2
3118 2
3119 2
3120 2
3121 2
3122 2
3123 2
3124 2
3125 2
3126 2
3127 2
3128 2
3129 2
3130 2
3131 2
3132 2
3133 2
3134 2
3135 2
3136 2
3137 2
3138 2
3139 2
3140 2
3141 2
3142 2
3143 2
3144 2
3145 2
3146 2
3147 2
3148 2
3149 2
3150 2
3151 2
3152 2
3153 2
3154 2
3155 2
3156 2
3157 2
3158 2
3159 2
3160 2
3161 2
3162 2
3163 2
3164 2
3165 2
3166 2
3167 2
3168 2
3169 2
3170 2
3171 2
3172 2
3173 2
3174 2
3175 2
3176 2
3177 2
3178 2
3179 2
3180 2
3181 2
3182 2
3183 2
3184 2
3185 2
3186 2
3187 2
3188 2
3189 2
3190 2
3191 2
3192 2
3193 2
3194 2
3195 2
3196 2
3197 2
3198 2
3199 2
3200 2
3201 2
3202 2
3203 2
3204 2
3205 2
3206 2
3207 2
3208 2
3209 2
3210 2
3211 2
3212 2
3213 2
3214 2
3215 2
3216 2
3217 2
3218 2
3219 2
3220 2
3221 2
3222 2
3223 2
3224 2
3225 2
3226 2
3227 2
3228 2
3229 2
3230 2
3231 2
3232 2
3233 2
3234 2
3235 2
3236 2
3237 2
3238 2
3239 2
3240 2
3241 2
3242 2
3243 2
3244 2
3245 2
3246 2
3247 2
3248 2
3249 2
3250 2
3251 2
3252 2
3253 2
3254 2
3255 2
3256 2
3257 2
3258 2
3259 2
3260 2
3261 2
3262 2
3263 2
3264 2
3265 2
3266 2
3267 2
3268 2
3269 2
3270 2
3271 2
3272 2
3273 2
3274 2
3275 2
3276 2
3277 2
3278 2
3279 2
3280 2
3281 2
3282 2
3283 2
3284 2
3285 2
3286 2
3287 2
3288 2
3289 2
3290 2
3291 2
3292 2
3293 2
3294 2
3295 2
3296 2
3297 2
3298 2
3299 2
3300 2
3301 2
3302 2
3303 2
3304 2
3305 2
3306 2
3307 2
3308 2
3309 2
3310 2
3311 2
3312 2
3313 2
3314 2
3315 2
3316 2
3317 2
3318 2
3319 2
3320 2
3321 2
3322 2
3323 2
3324 2
3325 2
3326 2
3327 2
3328 2
3329 2
3330 2
3331 2
3332 2
3333 2
3334 2
3335 2
3336 2
3337 2
3338 2
3339 2
3340 2
3341 2
3342 2
3343 2
3344 2
3345 2
3346 2
3347 2
3348 2
3349 2
3350 2
3351 2
3352 2
3353 2
3354 2
3355 2
3356 2
3357 2
3358 2
3359 2
3360 2
3361 2
3362 2
3363 2
3364 2
3365 2
3366 2
3367 2
3368 2
3369 2
3370 2
3371 2
3372 2
3373 2
3374 2
3375 2
3376 2
3377 2
3378 2
3379 2
3380 2
3381 2
3382 2
3383 2
3384 2
3385 2
3386 2
3387 2
3388 2
3389 2
3390 2
3391 2
3392 2
3393 2
3394 2
3395 2
3396 2
3397 2
3398 2
3399 2
3400 2
3401 2
3402 2
3403 2
3404 2
3405 2
3406 2
3407 2
3408 2
3409 2
3410 2
3411 2
3412 2
3413 2
3414 2
3415 2
3416 2
3417 2
3418 2
3419 2
3420 2
3421 2
3422 2
3423 2
3424 2
3425 2
3426 2
3427 2
3428 2
3429 2
3430 2
3431 2
3432 2
3433 2
3434 2
3435 2
3436 2
3437 2
3438 2
3439 2
3440 2
3441 2
3442 2
3443 2
3444 2
3445 2
3446 2
3447 2
3448 2
3449 2
3450 2
3451 2
3452 2
3453 2
3454 2
3455 2
3456 2
3457 2
3458 2
3459 2
3460 2
3461 2
3462 2
3463 2
3464 2
3465 2
3466 2
3467 2
3468 2
3469 2
3470 2
3471 2
3472 2
3473 2
3474 2
3475 2
3476 2
3477 2
3478 2
3479 2
3480 2
3481 2
3482 2
3483 2
3484 2
3485 2
3486 2
3487 2
3488 2
3489 2
3490 2
3491 2
3492 2
3493 2
3494 2
3495 2
3496 2
3497 2
3498 2
3499 2
3500 2
3501 2
3502 2
3503 2
3504 2
3505 2
3506 2
3507 2
3508 2
3509 2
3510 2
3511 2
3512 2
3513 2
3514 2
3515 2
3516 2
3517 2
3518 2
3519 2
3520 2
3521 2
3522 2
3523 2
3524 2
3525 2
3526 2
3527 2
3528 2
3529 2
3530 2
3531 2
3532 2
3533 2
3534 2
3535 2
3536 2
3537 2
3538 2
3539 2
3540 2
3541 2
3542 2
3543 2
3544 2
3545 2
3546 2
3547 2
3548 2
3549 2
3550 2
3551 2
3552 2
3553 2
3554 2
3555 2
3556 2
3557 2
3558 2
3559 2
3560 2
3561 2
3562 2
3563 2
3564 2
3565 2
3566 2
3567 2
3568 2
3569 2
3570 2
3571 2
3572 2
3573 2
3574 2
3575 2
3576 2
3577 2
3578 2
3579 2
3580 2
3581 2
3582 2
3583 2
3584 2
3585 2
3586 2
3587 2
3588 2
3589 2
3590 2
3591 2
3592 2
3593 2
3594 2
3595 2
3596 2
3597 2
3598 2
3599 2
3600 2
3601 2
3602 2
3603 2
3604 2
3605 2
3606 2
3607 2
3608 2
3609 2
3610 2
3611 2
3612 2
3613 2
3614 2
3615 2
3616 2
3617 2
3618 2
3619 2
3620 2
3621 2
3622 2
3623 2
3624 2
3625 2
3626 2
3627 2
3628 2
3629 2
3630 2
3631 2
3632 2
3633 2
3634 2
3635 2
3636 2
3637 2
3638 2
3639 2
3640 2
3641 2
3642 2
3643 2
3644 2
3645 2
3646 2
3647 2
3648 2
3649 2
3650 2
3651 2
3652 2
3653 2
3654 2
3655 2
3656 2
3657 2
3658 2
3659 2
3660 2
3661 2
3662 2
3663 2
3664 2
3665 2
3666 2
3667 2
3668 2
3669 2
3670 2
3671 2
3672 2
3673 2
3674 2
3675 2
3676 2
3677 2
3678 2
3679 2
3680 2
3681 2
3682 2
3683 2
3684 2
3685 2
3686 2
3687 2
3688 2
3689 2
3690 2
3691 2
3692 2
3693 2
3694 2
3695 2
3696 2
3697 2
3698 2
3699 2
3700 2
3701 2
3702 2
3703 2
3704 2
3705 2
3706 2
3707 2
3708 2
3709 2
3710 2
3711 2
3712 2
3713 2
3714 2
3715 2
3716 2
3717 2
3718 2
3719 2
3720 2
3721 2
3722 2
3723 2
3724 2
3725 2
3726 2
3727 2
3728 2
3729 2
3730 2
3731 2
3732 2
3733 2
3734 2
3735 2
3736 2
3737 2
3738 2
3739 2
3740 2
3741 2
3742 2
3743 2
3744 2
3745 2
3746 2
3747 2
3748 2
3749 2
3750 2
3751 2
3752 2
3753 2
3754 2
3755 2
3756 2
3757 2
3758 2
3759 2
3760 2
3761 2
3762 2
3763 2
3764 2
3765 2
3766 2
3767 2
3768 2
3769 2
3770 2
3771 2
3772 2
3773 2
3774 2
3775 2
3776 2
3777 2
3778 2
3779 2
3780 2
3781 2
3782 2
3783 2
3784 2
3785 2
3786 2
3787 2
3788 2
3789 2
3790 2
3791 2
3792 2
3793 2
3794 2
3795 2
3796 2
3797 2
3798 2
3799 2
3800 2
3801 2
3802 2
3803 2
3804 2
3805 2
3806 2
3807 2
3808 2
3809 2
3810 2
3811 2
3812 2
3813 2
3814 2
3815 2
3816 2
3817 2
3818 2
3819 2
3820 2
3821 2
3822 2
3823 2
3824 2
3825 2
3826 2
3827 2
3828 2
3829 2
3830 2
3831 2
3832 2
3833 2
3834 2
3835 2
3836 2
3837 2
3838 2
3839 2
3840 2
3841 2
3842 2
3843 2
3844 2
3845 2
3846 2
3847 2
3848 2
3849 2
3850 2
3851 2
3852 2
3853 2
3854 2
3855 2
3856 2
3857 2
3858 2
3859 2
3860 2
3861 2
3862 2
3863 2
3864 2
3865 2
3866 2
3867 2
3868 2
3869 2
3870 2
3871 2
3872 2
3873 2
3874 2
3875 2
3876 2
3877 2
3878 2
3879 2
3880 2
3881 2
3882 2
3883 2
3884 2
3885 2
3886 2
3887 2
3888 2
3889 2
3890 2
3891 2
3892 2
3893 2
3894 2
3895 2
3896 2
3897 2
3898 2
3899 2
3900 2
3901 2
3902 2
3903 2
3904 2
3905 2
3906 2
3907 2
3908 2
3909 2
3910 2
3911 2
3912 2
3913 2
3914 2
3915 2
3916 2
3917 2
3918 2
3919 2
3920 2
3921 2
3922 2
3923 2
3924 2
3925 2
3926 2
3927 2
3928 2
3929 2
3930 2
3931 2
3932 2
3933 2
3934 2
3935 2
3936 2
3937 2
3938 2
3939 2
3940 2
3941 2
3942 2
3943 2
3944 2
3945 2
3946 2
3947 2
3948 2
3949 2
3950 2
3951 2
3952 2
3953 2
3954 2
3955 2
3956 2
3957 2
3958 2
3959 2
3960 2
3961 2
3962 2
3963 2
3964 2
3965 2
3966 2
3967 2
3968 2
3969 2
3970 2
3971 2
3972 2
3973 2
3974 2
3975 2
3976 2
3977 2
3978 2
3979 2
3980 2
3981 2
3982 2
3983 2
3984 2
3985 2
3986 2
3987 2
3988 2
3989 2
3990 2
3991 2
3992 2
3993 2
3994 2
3995 2
3996 2
3997 2
3998 2
3999 2
4000 2
4001 2
4002 2
4003 2
4004 2
4005 2
4006 2
4007 2
4008 2
4009 2
4010 2
4011 2
4012 2
4013 2
4014 2
4015 2
4016 2
4017 2
4018 2
4019 2
4020 2
4021 2
4022 2
4023 2
4024 2
4025 2
4026 2
4027 2
4028 2
4029 2
4030 2
4031 2
4032 2
4033 2
4034 2
4035 2
4036 2
4037 2
4038 2
4039 2
4040 2
4041 2
4042 2
4043 2
4044 2
4045 2
4046 2
4047 2
4048 2
4049 2
4050 2
4051 2
4052 2
4053 2
4054 2
4055 2
4056 2
4057 2
4058 2
4059 2
4060 2
4061 2
4062 2
4063 2
4064 2
4065 2
4066 2
4067 2
4068 2
4069 2
4070 2
4071 2
4072 2
4073 2
4074 2
4075 2
4076 2
4077 2
4078 2
4079 2
4080 2
4081 2
4082 2
4083 2
4084 2
4085 2
4086 2
4087 2
4088 2
4089 2
4090 2
4091 2
4092 2
4093 2
4094 2
4095 2
4096 2
4097 2
4098 2
4099 2
4100 2
4101 2
4102 2
4103 2
4104 2
4105 2
4106 2
4107 2
4108 2
4109 2
4110 2
4111 2
4112 2
4113 2
4114 2
4115 2
4116 2
4117 2
4118 2
4119 2
4120 2
4121 2
4122 2
4123 2
4124 2
4125 2
4126 2
4127 2
4128 2
4129 2
4130 2
4131 2
4132 2
4133 2
4134 2
4135 2
4136 2
4137 2
4138 2
4139 2
4140 2
4141 2
4142 2
4143 2
4144 2
4145 2
4146 2
4147 2
4148 2
4149 2
4150 2
4151 2
4152 2
4153 2
4154 2
4155 2
4156 2
4157 2
4158 2
4159 2
4160 2
4161 2
4162 2
4163 2
4164 2
4165 2
4166 2
4167 2
4168 2
4169 2
4170 2
4171 2
4172 2
4173 2
4174 2
4175 2
4176 2
4177 2
4178 2
4179 2
4180 2
4181 2
4182 2
4183 2
4184 2
4185 2
4186 2
4187 2
4188 2
4189 2
4190 2
4191 2
4192 2
4193 2
4194 2
4195 2
4196 2
4197 2
4198 2
4199 2
4200 2
4201 2
4202 2
4203 2
4204 2
4205 2
4206 2
4207 2
4208 2
4209 2
4210 2
4211 2
4212 2
4213 2
4214 2
4215 2
4216 2
4217 2
4218 2
4219 2
4220 2
4221 2
4222 2
4223 2
4224 2
4225 2
4226 2
4227 2
4228 2
4229 2
4230 2
4231 2
4232 2
4233 2
4234 2
4235 2
4236 2
4237 2
4238 2
4239 2
4240 2
4241 2
4242 2
4243 2
4244 2
4245 2
4246 2
4247 2
4248 2
4249 2
4250 2
4251 2
4252 2
4253 2
4254 2
4255 2
4256 2
4257 2
4258 2
4259 2
4260 2
4261 2
4262 2
4263 2
4264 2
4265 2
4266 2
4267 2
4268 2
4269 2
4270 2
4271 2
4272 2
4273 2
4274 2
4275 2
4276 2
4277 2
4278 2
4279 2
4280 2
4281 2
4282 2
4283 2
4284 2
4285 2
4286 2
4287 2
4288 2
4289 2
4290 2
4291 2
4292 2
4293 2
4294 2
4295 2
4296 2
4297 2
4298 2
4299 2
4300 2
4301 2
4302 2
4303 2
4304 2
4305 2
4306 2
4307 2
4308 2
4309 2
4310 2
4311 2
4312 2
4313 2
4314 2
4315 2
4316 2
4317 2
4318 2
4319 2
4320 2
4321 2
4322 2
4323 2
4324 2
4325 2
4326 2
4327 2
4328 2
4329 2
4330 2
4331 2
4332 2
4333 2
4334 2
4335 2
4336 2
4337 2
4338 2
4339 2
4340 2
4341 2
4342 2
4343 2
4344 2
4345 2
4346 2
4347 2
4348 2
4349 2
4350 2
4351 2
4352 2
4353 2
4354 2
4355 2
4356 2
4357 2
4358 2
4359 2
4360 2
4361 2
4362 2
4363 2
4364 2
4365 2
4366 2
4367 2
4368 2
4369 2
4370 2
4371 2
4372 2
4373 2
4374 2
4375 2
4376 2
4377 2
4378 2
4379 2
4380 2
4381 2
4382 2
4383 2
4384 2
4385 2
4386 2
4387 2
4388 2
4389 2
4390 2
4391 2
4392 2
4393 2
4394 2
4395 2
4396 2
4397 2
4398 2
4399 2
4400 2
4401 2
4402 2
4403 2
4404 2
4405 2
4406 2
4407 2
4408 2
4409 2
4410 2
4411 2
4412 2
4413 2
4414 2
4415 2
4416 2
4417 2
4418 2
4419 2
4420 2
4421 2
4422 2
4423 2
4424 2
4425 2
4426 2
4427 2
4428 2
4429 2
4430 2
4431 2
4432 2
4433 2
4434 2
4435 2
4436 2
4437 2
4438 2
4439 2
4440 2
4441 2
4442 2
4443 2
4444 2
4445 2
4446 2
4447 2
4448 2
4449 2
4450 2
4451 2
4452 2
4453 2
4454 2
4455 2
4456 2
4457 2
4458 2
4459 2
4460 2
4461 2
4462 2
4463 2
4464 2
4465 2
4466 2
4467 2
4468 2
4469 2
4470 2
4471 2
4472 2
4473 2
4474 2
4475 2
4476 2
4477 2
4478 2
4479 2
4480 2
4481 2
4482 2
4483 2
4484 2
4485 2
4486 2
4487 2
4488 2
4489 2
4490 2
4491 2
4492 2
4493 2
4494 2
4495 2
4496 2
4497 2
4498 2
4499 2
4500 2
4501 2
4502 2
4503 2
4504 2
4505 2
4506 2
4507 2
4508 2
4509 2
4510 2
4511 2
4512 2
4513 2
4514 2
4515 2
4516 2
4517 2
4518 2
4519 2
4520 2
4521 2
4522 2
4523 2
4524 2
4525 2
4526 2
4527 2
4528 2
4529 2
4530 2
4531 2
4532 2
4533 2
4534 2
4535 2
4536 2
4537 2
4538 2
4539 2
4540 2
4541 2
4542 2
4543 2
4544 2
4545 2
4546 2
4547 2
4548 2
4549 2
4550 2
4551 2
4552 2
4553 2
4554 2
4555 2
4556 2
4557 2
4558 2
4559 2
4560 2
4561 2
4562 2
4563 2
4564 2
4565 2
4566 2
4567 2
4568 2
4569 2
4570 2
4571 2
4572 2
4573 2
4574 2
4575 2
4576 2
4577 2
4578 2
4579 2
4580 2
4581 2
4582 2
4583 2
4584 2
4585 2
4586 2
4587 2
4588 2
4589 2
4590 2
4591 2
4592 2
4593 2
4594 2
4595 2
4596 2
4597 2
4598 2
4599 2
4600 2
4601 2
4602 2
4603 2
4604 2
4605 2
4606 2
4607 2
4608 2
4609 2
4610 2
4611 2
4612 2
4613 2
4614 2
4615 2
4616 2
4617 2
4618 2
4619 2
4620 2
4621 2
4622 2
4623 2
4624 2
4625 2
4626 2
4627 2
4628 2
4629 2
4630 2
4631 2
4632 2
4633 2
4634 2
4635 2
4636 2
4637 2
4638 2
4639 2
4640 2
4641 2
4642 2
4643 2
4644 2
4645 2
4646 2
4647 2
4648 2
4649 2
4650 2
4651 2
4652 2
4653 2
4654 2
4655 2
4656 2
4657 2
4658 2
4659 2
4660 2
4661 2
4662 2
4663 2
4664 2
4665 2
4666 2
4667 2
4668 2
4669 2
4670 2
4671 2
4672 2
4673 2
4674 2
4675 2
4676 2
4677 2
4678 2
4679 2
4680 2
4681 2
4682 2
4683 2
4684 2
4685 2
4686 2
4687 2
4688 2
4689 2
4690 2
4691 2
4692 2
4693 2
4694 2
4695 2
4696 2
4697 2
4698 2
4699 2
4700 2
4701 2
4702 2
4703 2
4704 2
4705 2
4706 2
4707 2
4708 2
4709 2
4710 2
4711 2
4712 2
4713 2
4714 2
4715 2
4716 2
4717 2
4718 2
4719 2
4720 2
4721 2
4722 2
4723 2
4724 2
4725 2
4726 2
4727 2
4728 2
4729 2
4730 2
4731 2
4732 2
4733 2
4734 2
4735 2
4736 2
4737 2
4738 2
4739 2
4740 2
4741 2
4742 2
4743 2
4744 2
4745 2
4746 2
4747 2
4748 2
4749 2
4750 2
4751 2
4752 2
4753 2
4754 2
4755 2
4756 2
4757 2
4758 2
4759 2
4760 2
4761 2
4762 2
4763 2
4764 2
4765 2
4766 2
4767 2
4768 2
4769 2
4770 2
4771 2
4772 2
4773 2
4774 2
4775 2
4776 2
4777 2
4778 2
4779 2
4780 2
4781 2
4782 2
4783 2
4784 2
4785 2
4786 2
4787 2
4788 2
4789 2
4790 2
4791 2
4792 2
4793 2
4794 2
4795 2
4796 2
4797 2
4798 2
4799 2
4800 2
4801 2
4802 2
4803 2
4804 2
4805 2
4806 2
4807 2
4808 2
4809 2
4810 2
4811 2
4812 2
4813 2
4814 2
4815 2
4816 2
4817 2
4818 2
4819 2
4820 2
4821 2
4822 2
4823 2
4824 2
4825 2
4826 2
4827 2
4828 2
4829 2
4830 2
4831 2
4832 2
4833 2
4834 2
4835 2
4836 2
4837 2
4838 2
4839 2
4840 2
4841 2
4842 2
4843 2
4844 2
4845 2
4846 2
4847 2
4848 2
4849 2
4850 2
4851 2
4852 2
4853 2
4854 2
4855 2
4856 2
4857 2
4858 2
4859 2
4860 2
4861 2
4862 2
4863 2
4864 2
4865 2
4866 2
4867 2
4868 2
4869 2
4870 2
4871 2
4872 2
4873 2
4874 2
4875 2
4876 2
4877 2
4878 2
4879 2
4880 2
4881 2
4882 2
4883 2
4884 2
4885 2
4886 2
4887 2
4888 2
4889 2
4890 2
4891 2
4892 2
4893 2
4894 2
4895 2
4896 2
4897 2
4898 2
4899 2
4900 2
4901 2
4902 2
4903 2
4904 2
4905 2
4906 2
4907 2
4908 2
4909 2
4910 2
4911 2
4912 2
4913 2
4914 2
4915 2
4916 2
4917 2
4918 2
4919 2
4920 2
4921 2
4922 2
4923 2
4924 2
4925 2
4926 2
4927 2
4928 2
4929 2
4930 2
4931 2
4932 2
4933 2
4934 2
4935 2
4936 2
4937 2
4938 2
4939 2
4940 2
4941 2
4942 2
4943 2
4944 2
4945 2
4946 2
4947 2
4948 2
4949 2
4950 2
4951 2
4952 2
4953 2
4954 2
4955 2
4956 2
4957 2
4958 2
4959 2
4960 2
4961 2
4962 2
4963 2
4964 2
4965 2
4966 2
4967 2
4968 2
4969 2
4970 2
4971 2
4972 2
4973 2
4974 2
4975 2
4976 2
4977 2
4978 2
4979 2
4980 2
4981 2
4982 2
4983 2
4984 2
4985 2
4986 2
4987 2
4988 2
4989 2
4990 2
4991 2
4992 2
4993 2
4994 2
4995 2
4996 2
4997 2
4998 2
4999 2
5000 2
5001
S 1 3
1 2 10
2 3 2
3 4 5
4 5 10
5 6 15
6 7 16
7 8 13
8 9 16
9 10 14
10 11 14
11 12 3
12 13 8
13 14 1
14 15 3
15 16 20
16 17 19
17 18 13
18 19 1
19 20 12
20 21 14
21 22 13
22 23 8
23 24 12
24 25 17
25 26 7
26 27 7
27 28 18
28 29 12
29 30 18
30 31 9
31 32 11
32 33 6
33 34 13
34 35 15
35 36 17
36 37 16
37 38 17
38 39 17
39 40 8
40 41 17
41 42 16
42 43 14
43 44 8
44 45 9
45 46 16
46 47 12
47 48 5
48 49 10
49 50 2
50 51 6
51 52 2
52 53 20
53 54 9
54 55 17
55 56 13
56 57 10
57 58 8
58 59 20
59 60 1
60 61 14
61 62 9
62 63 4
63 64 19
64 65 5
65 66 2
66 67 15
67 68 12
68 69 9
69 70 1
70 71 17
71 72 16
72 73 11
73 74 6
74 75 15
75 76 12
76 77 19
77 78 7
78 79 17
79 80 8
80 81 12
81 82 15
82 83 12
83 84 8
84 85 15
85 86 6
86 87 9
87 88 10
88 89 3
89 90 4
90 91 20
91 92 11
92 93 12
93 94 1
94 95 6
95 96 4
96 97 13
97 98 18
98 99 2
99 100 3
100 101 13
101 102 9
102 103 10
103 104 5
104 105 17
105 106 19
106 107 11
107 108 7
108 109 1
109 110 1
110 111 2
111 112 8
112 113 16
113 114 6
114 115 2
115 116 2
116 117 7
117 118 19
118 119 2
119 120 16
120 121 10
121 122 19
122 123 9
123 124 8
124 125 18
125 126 14
126 127 18
127 128 4
128 129 10
129 130 9
130 131 8
131 132 6
132 133 4
133 134 9
134 135 13
135 136 10
136 137 3
137 138 18
138 139 1
139 140 13
140 141 8
141 142 2
142 143 16
143 144 10
144 145 7
145 146 7
146 147 3
147 148 17
148 149 6
149 150 10
150 151 14
151 152 20
152 153 8
153 154 13
154 155 20
155 156 7
156 157 10
157 158 5
158 159 11
159 160 5
160 161 2
161 162 16
162 163 14
163 164 11
164 165 9
165 166 19
166 167 7
167 168 12
168 169 13
169 170 14
170 171 16
171 172 5
172 173 10
173 174 2
174 175 19
175 176 17
176 177 4
177 178 11
178 179 16
179 180 12
180 181 20
181 182 11
182 183 3
183 184 14
184 185 19
185 186 8
186 187 10
187 188 8
188 189 9
189 190 14
190 191 3
191 192 7
192 193 8
193 194 4
194 195 12
195 196 1
196 197 2
197 198 20
198 199 4
199 200 17
200 201 1
201 202 7
202 203 4
203 204 19
204 205 9
205 206 17
206 207 12
207 208 7
208 209 2
209 210 3
210 211 14
211 212 6
212 213 8
213 214 8
214 215 4
215 216 19
216 217 1
217 218 12
218 219 9
219 220 1
220 221 1
221 222 16
222 223 2
223 224 4
224 225 1
225 226 8
226 227 17
227 228 6
228 229 20
229 230 8
230 231 16
231 232 7
232 233 15
233 234 1
234 235 13
235 236 13
236 237 20
237 238 6
238 239 13
239 240 13
240 241 4
241 242 4
242 243 14
243 244 8
244 245 19
245 246 7
246 247 4
247 248 16
248 249 15
249 250 12
250 251 14
251 252 19
252 253 2
253 254 9
254 255 2
255 256 8
256 257 11
257 258 16
258 259 20
259 260 15
260 261 4
261 262 18
262 263 6
263 264 7
264 265 14
265 266 12
266 267 17
267 268 17
268 269 5
269 270 13
270 271 2
271 272 14
272 273 15
273 274 4
274 275 7
275 276 12
276 277 14
277 278 14
278 279 14
279 280 12
280 281 6
281 282 15
282 283 20
283 284 3
284 285 8
285 286 20
286 287 18
287 288 4
288 289 7
289 290 4
290 291 9
291 292 15
292 293 12
293 294 18
294 295 4
295 296 7
296 297 13
297 298 12
298 299 16
299 300 16
300 301 11
301 302 17
302 303 11
303 304 13
304 305 13
305 306 5
306 307 1
307 308 10
308 309 1
309 310 11
310 311 7
311 312 4
312 313 19
313 314 19
314 315 9
315 316 10
316 317 6
317 318 9
318 319 6
319 320 4
320 321 1
321 322 10
322 323 1
323 324 14
324 325 7
325 326 4
326 327 2
327 328 1
328 329 3
329 330 20
330 331 20
331 332 3
332 333 12
333 334 5
334 335 19
335 336 10
336 337 2
337 338 19
338 339 12
339 340 9
340 341 12
341 342 3
342 343 10
343 344 15
344 345 12
345 346 2
346 347 4
347 348 10
348 349 20
349 350 10
350 351 11
351 352 11
352 353 3
353 354 1
354 355 19
355 356 4
356 357 1
357 358 15
358 359 14
359 360 19
360 361 8
361 362 4
362 363 16
363 364 13
364 365 15
365 366 17
366 367 14
367 368 16
368 369 19
369 370 16
370 371 17
371 372 12
372 373 14
373 374 1
374 375 17
375 376 19
376 377 15
377 378 2
378 379 19
379 380 2
380 381 8
381 382 15
382 383 8
383 384 12
384 385 3
385 386 16
386 387 2
387 388 2
388 389 4
389 390 17
390 391 11
391 392 2
392 393 20
393 394 18
394 395 11
395 396 2
396 397 10
397 398 2
398 399 6
399 400 7
400 401 1
401 402 20
402 403 10
403 404 7
404 405 10
405 406 5
406 407 5
407 408 3
408 409 18
409 410 18
410 411 19
411 412 16
412 413 1
413 414 18
414 415 19
415 416 10
416 417 4
417 418 4
418 419 17
419 420 6
420 421 7
421 422 13
422 423 10
423 424 20
424 425 16
425 426 19
426 427 9
427 428 3
428 429 2
429 430 11
430 431 11
431 432 15
432 433 4
433 434 10
434 435 3
435 436 1
436 437 8
437 438 3
438 439 12
439 440 16
440 441 9
441 442 3
442 443 13
443 444 12
444 445 17
445 446 10
446 447 8
447 448 14
448 449 4
449 450 20
450 451 9
451 452 18
452 453 10
453 454 3
454 455 11
455 456 7
456 457 5
457 458 2
458 459 13
459 460 6
460 461 16
461 462 1
462 463 5
463 464 16
464 465 9
465 466 18
466 467 17
467 468 4
468 469 3
469 470 8
470 471 13
471 472 13
472 473 14
473 474 13
474 475 4
475 476 20
476 477 5
477 478 17
478 479 9
479 480 14
480 481 14
481 482 19
482 483 12
483 484 7
484 485 9
485 486 8
486 487 9
487 488 17
488 489 5
489 490 15
490 491 3
491 492 5
492 493 11
493 494 15
494 495 8
495 496 13
496 497 12
497 498 4
498 499 18
499 500 3
500 501 1
501 502 9
502 503 16
503 504 8
504 505 5
505 506 12
506 507 8
507 508 17
508 509 8
509 510 6
510 511 5
511 512 4
512 513 3
513 514 14
514 515 19
515 516 6
516 517 9
517 518 20
518 519 2
519 520 8
520 521 8
521 522 5
522 523 8
523 524 6
524 525 3
525 526 11
526 527 14
527 528 12
528 529 12
529 530 14
530 531 2
531 532 13
532 533 1
533 534 18
534 535 20
535 536 5
536 537 4
537 538 6
538 539 1
539 540 15
540 541 19
541 542 12
542 543 8
543 544 6
544 545 9
545 546 19
546 547 13
547 548 9
548 549 13
549 550 7
550 551 6
551 552 1
552 553 16
553 554 6
554 555 15
555 556 7
556 557 10
557 558 20
558 559 18
559 560 6
560 561 5
561 562 1
562 563 2
563 564 9
564 565 13
565 566 3
566 567 18
567 568 12
568 569 14
569 570 17
570 571 2
571 572 15
572 573 7
573 574 16
574 575 4
575 576 1
576 577 19
577 578 20
578 579 12
579 580 13
580 581 3
581 582 16
582 583 9
583 584 6
584 585 12
585 586 19
586 587 6
587 588 7
588 589 8
589 590 12
590 591 2
591 592 10
592 593 4
593 594 15
594 595 2
595 596 12
596 597 9
597 598 9
598 599 12
599 600 15
600 601 20
601 602 12
602 603 8
603 604 9
604 605 6
605 606 12
606 607 8
607 608 4
608 609 15
609 610 11
610 611 14
611 612 8
612 613 4
613 614 7
614 615 6
615 616 19
616 617 2
617 618 7
618 619 7
619 620 15
620 621 14
621 622 1
622 623 10
623 624 15
624 625 15
625 626 2
626 627 12
627 628 5
628 629 12
629 630 13
630 631 19
631 632 17
632 633 10
633 634 5
634 635 15
635 636 6
636 637 8
637 638 20
638 639 11
639 640 16
640 641 2
641 642 8
642 643 15
643 644 13
644 645 19
645 646 7
646 647 17
647 648 10
648 649 4
649 650 14
650 651 7
651 652 1
652 653 6
653 654 4
654 655 18
655 656 19
656 657 19
657 658 3
658 659 11
659 660 18
660 661 4
661 662 15
662 663 5
663 664 2
664 665 2
665 666 1
666 667 18
667 668 15
668 669 20
669 670 14
670 671 19
671 672 18
672 673 8
673 674 15
674 675 17
675 676 1
676 677 11
677 678 9
678 679 3
679 680 12
680 681 20
681 682 13
682 683 20
683 684 14
684 685 4
685 686 19
686 687 6
687 688 16
688 689 10
689 690 16
690 691 8
691 692 20
692 693 3
693 694 14
694 695 6
695 696 19
696 697 11
697 698 10
698 699 2
699 700 10
700 701 18
701 702 20
702 703 8
703 704 12
704 705 8
705 706 5
706 707 2
707 708 14
708 709 17
709 710 4
710 711 17
711 712 6
712 713 9
713 714 1
714 715 1
715 716 12
716 717 4
717 718 7
718 719 17
719 720 2
720 721 17
721 722 9
722 723 19
723 724 4
724 725 15
725 726 20
726 727 15
727 728 6
728 729 20
729 730 14
730 731 3
731 732 3
732 733 9
733 734 11
734 735 2
735 736 19
736 737 12
737 738 13
738 739 13
739 740 12
740 741 2
741 742 15
742 743 19
743 744 7
744 745 10
745 746 18
746 747 12
747 748 1
748 749 6
749 750 10
750 751 12
751 752 20
752 753 2
753 754 11
754 755 5
755 756 11
756 757 12
757 758 3
758 759 7
759 760 3
760 761 6
761 762 12
762 763 17
763 764 14
764 765 4
765 766 7
766 767 18
767 768 3
768 769 2
769 770 10
770 771 14
771 772 14
772 773 1
773 774 17
774 775 20
775 776 9
776 777 19
777 778 11
778 779 16
779 780 9
780 781 2
781 782 17
782 783 11
783 784 12
784 785 11
785 786 7
786 787 7
787 788 14
788 789 8
789 790 7
790 791 16
791 792 7
792 793 10
793 794 2
794 795 14
795 796 20
796 797 8
797 798 3
798 799 10
799 800 16
800 801 16
801 802 15
802 803 6
803 804 4
804 805 2
805 806 12
806 807 1
807 808 19
808 809 16
809 810 8
810 811 2
811 812 19
812 813 20
813 814 6
814 815 7
815 816 2
816 817 5
817 818 9
818 819 6
819 820 10
820 821 7
821 822 11
822 823 20
823 824 20
824 825 4
825 826 11
826 827 3
827 828 8
828 829 2
829 830 10
830 831 11
831 832 20
832 833 12
833 834 18
834 835 18
835 836 13
836 837 3
837 838 1
838 839 9
839 840 12
840 841 19
841 842 12
842 843 17
843 844 15
844 845 13
845 846 19
846 847 16
847 848 4
848 849 15
849 850 9
850 851 16
851 852 12
852 853 17
853 854 18
854 855 19
855 856 5
856 857 4
857 858 15
858 859 18
859 860 2
860 861 8
861 862 13
862 863 2
863 864 5
864 865 16
865 866 11
866 867 9
867 868 8
868 869 12
869 870 3
870 871 14
871 872 9
872 873 13
873 874 8
874 875 4
875 876 10
876 877 14
877 878 17
878 879 17
879 880 20
880 881 19
881 882 15
882 883 14
883 884 13
884 885 18
885 886 20
886 887 5
887 888 4
888 889 19
889 890 4
890 891 11
891 892 10
892 893 6
893 894 3
894 895 6
895 896 8
896 897 18
897 898 7
898 899 14
899 900 19
900 901 14
901 902 14
902 903 5
903 904 17
904 905 20
905 906 19
906 907 11
907 908 2
908 909 11
909 910 19
910 911 5
911 912 12
912 913 7
913 914 4
914 915 13
915 916 11
916 917 6
917 918 14
918 919 13
919 920 8
920 921 17
921 922 20
922 923 12
923 924 12
924 925 15
925 926 13
926 927 2
927 928 9
928 929 11
929 930 4
930 931 9
931 932 16
932 933 8
933 934 2
934 935 1
935 936 5
936 937 18
937 938 3
938 939 17
939 940 14
940 941 17
941 942 8
942 943 10
943 944 12
944 945 15
945 946 18
946 947 20
947 948 18
948 949 17
949 950 17
950 951 14
951 952 13
952 953 2
953 954 1
954 955 17
955 956 8
956 957 6
957 958 11
958 959 5
959 960 11
960 961 4
961 962 1
962 963 15
963 964 6
964 965 7
965 966 14
966 967 8
967 968 3
968 969 10
969 970 14
970 971 8
971 972 4
972 973 5
973 974 3
974 975 4
975 976 17
976 977 1
977 978 7
978 979 10
979 980 4
980 981 7
981 982 7
982 983 1
983 984 5
984 985 2
985 986 12
986 987 16
987 988 18
988 989 10
989 990 6
990 991 6
991 992 11
992 993 1
993 994 14
994 995 14
995 996 9
996 997 6
997 998 3
998 999 10
999 1000 11
1000 1001 3
1001 1002 6
1002 1003 7
1003 1004 5
1004 1005 14
1005 1006 1
1006 1007 3
1007 1008 15
1008 1009 19
1009 1010 11
1010 1011 17
1011 1012 12
1012 1013 18
1013 1014 2
1014 1015 19
1015 1016 1
1016 1017 19
1017 1018 13
1018 1019 4
1019 1020 18
1020 1021 4
1021 1022 7
1022 1023 15
1023 1024 1
1024 1025 11
1025 1026 19
1026 1027 16
1027 1028 7
1028 1029 2
1029 1030 13
1030 1031 2
1031 1032 15
1032 1033 11
1033 1034 11
1034 1035 13
1035 1036 18
1036 1037 11
1037 1038 8
1038 1039 8
1039 1040 14
1040 1041 16
1041 1042 9
1042 1043 1
1043 1044 20
1044 1045 1
1045 1046 14
1046 1047 3
1047 1048 16
1048 1049 20
1049 1050 12
1050 1051 5
1051 1052 16
1052 1053 7
1053 1054 20
1054 1055 2
1055 1056 10
1056 1057 15
1057 1058 7
1058 1059 15
1059 1060 12
1060 1061 11
1061 1062 1
1062 1063 8
1063 1064 13
1064 1065 9
1065 1066 7
1066 1067 15
1067 1068 5
1068 1069 9
1069 1070 5
1070 1071 4
1071 1072 7
1072 1073 3
1073 1074 5
1074 1075 15
1075 1076 4
1076 1077 5
1077 1078 11
1078 1079 7
1079 1080 7
1080 1081 8
1081 1082 8
1082 1083 11
1083 1084 13
1084 1085 12
1085 1086 13
1086 1087 2
1087 1088 3
1088 1089 13
1089 1090 5
1090 1091 18
1091 1092 19
1092 1093 16
1093 1094 6
1094 1095 14
1095 1096 12
1096 1097 17
1097 1098 6
1098 1099 13
1099 1100 15
1100 1101 17
1101 1102 12
1102 1103 17
1103 1104 16
1104 1105 11
1105 1106 14
1106 1107 19
1107 1108 9
1108 1109 18
1109 1110 15
1110 1111 17
1111 1112 8
1112 1113 14
1113 1114 1
1114 1115 6
1115 1116 9
1116 1117 15
1117 1118 7
1118 1119 19
1119 1120 14
1120 1121 4
1121 1122 5
1122 1123 8
1123 1124 3
1124 1125 18
1125 1126 3
1126 1127 10
1127 1128 1
1128 1129 1
1129 1130 1
1130 1131 14
1131 1132 10
1132 1133 13
1133 1134 15
1134 1135 4
1135 1136 2
1136 1137 19
1137 1138 12
1138 1139 5
1139 1140 15
1140 1141 17
1141 1142 14
1142 1143 9
1143 1144 18
1144 1145 10
1145 1146 17
1146 1147 18
1147 1148 8
1148 1149 16
1149 1150 7
1150 1151 18
1151 1152 18
1152 1153 7
1153 1154 7
1154 1155 6
1155 1156 19
1156 1157 19
1157 1158 1
1158 1159 5
1159 1160 17
1160 1161 20
1161 1162 11
1162 1163 16
1163 1164 5
1164 1165 15
1165 1166 16
1166 1167 10
1167 1168 5
1168 1169 4
1169 1170 18
1170 1171 12
1171 1172 12
1172 1173 4
1173 1174 17
1174 1175 12
1175 1176 20
1176 1177 18
1177 1178 1
1178 1179 3
1179 1180 14
1180 1181 20
1181 1182 14
1182 1183 20
1183 1184 13
1184 1185 8
1185 1186 7
1186 1187 10
1187 1188 18
1188 1189 4
1189 1190 3
1190 1191 1
1191 1192 14
1192 1193 18
1193 1194 17
1194 1195 5
1195 1196 16
1196 1197 19
1197 1198 11
1198 1199 3
1199 1200 18
1200 1201 6
1201 1202 4
1202 1203 16
1203 1204 2
1204 1205 17
1205 1206 16
1206 1207 6
1207 1208 15
1208 1209 10
1209 1210 2
1210 1211 4
1211 1212 17
1212 1213 5
1213 1214 5
1214 1215 17
1215 1216 18
1216 1217 7
1217 1218 3
1218 1219 11
1219 1220 6
1220 1221 2
1221 1222 10
1222 1223 8
1223 1224 13
1224 1225 9
1225 1226 5
1226 1227 8
1227 1228 15
1228 1229 11
1229 1230 6
1230 1231 12
1231 1232 4
1232 1233 15
1233 1234 3
1234 1235 13
1235 1236 5
1236 1237 14
1237 1238 7
1238 1239 4
1239 1240 18
1240 1241 5
1241 1242 4
1242 1243 1
1243 1244 15
1244 1245 12
1245 1246 1
1246 1247 10
1247 1248 12
1248 1249 7
1249 1250 7
1250 1251 12
1251 1252 20
1252 1253 5
1253 1254 6
1254 1255 14
1255 1256 6
1256 1257 19
1257 1258 9
1258 1259 16
1259 1260 2
1260 1261 9
1261 1262 1
1262 1263 10
1263 1264 11
1264 1265 11
1265 1266 6
1266 1267 20
1267 1268 12
1268 1269 19
1269 1270 20
1270 1271 6
1271 1272 10
1272 1273 6
1273 1274 6
1274 1275 13
1275 1276 10
1276 1277 5
1277 1278 15
1278 1279 12
1279 1280 9
1280 1281 16
1281 1282 15
1282 1283 15
1283 1284 15
1284 1285 9
1285 1286 19
1286 1287 9
1287 1288 7
1288 1289 14
1289 1290 14
1290 1291 20
1291 1292 17
1292 1293 1
1293 1294 15
1294 1295 18
1295 1296 10
1296 1297 20
1297 1298 9
1298 1299 2
1299 1300 6
1300 1301 20
1301 1302 13
1302 1303 6
1303 1304 18
1304 1305 17
1305 1306 16
1306 1307 4
1307 1308 16
1308 1309 14
1309 1310 14
1310 1311 17
1311 1312 11
1312 1313 11
1313 1314 6
1314 1315 16
1315 1316 8
1316 1317 17
1317 1318 7
1318 1319 20
1319 1320 10
1320 1321 17
1321 1322 14
1322 1323 20
1323 1324 3
1324 1325 7
1325 1326 19
1326 1327 6
1327 1328 16
1328 1329 18
1329 1330 14
1330 1331 18
1331 1332 6
1332 1333 6
1333 1334 17
1334 1335 3
1335 1336 19
1336 1337 10
1337 1338 19
1338 1339 14
1339 1340 12
1340 1341 7
1341 1342 14
1342 1343 4
1343 1344 6
1344 1345 10
1345 1346 3
1346 1347 1
1347 1348 18
1348 1349 17
1349 1350 11
1350 1351 11
1351 1352 10
1352 1353 16
1353 1354 20
1354 1355 19
1355 1356 11
1356 1357 18
1357 1358 4
1358 1359 18
1359 1360 14
1360 1361 6
1361 1362 9
1362 1363 13
1363 1364 20
1364 1365 11
1365 1366 3
1366 1367 10
1367 1368 19
1368 1369 8
1369 1370 16
1370 1371 14
1371 1372 8
1372 1373 17
1373 1374 1
1374 1375 10
1375 1376 8
1376 1377 9
1377 1378 7
1378 1379 16
1379 1380 7
1380 1381 9
1381 1382 16
1382 1383 10
1383 1384 3
1384 1385 9
1385 1386 18
1386 1387 14
1387 1388 18
1388 1389 4
1389 1390 16
1390 1391 8
1391 1392 20
1392 1393 4
1393 1394 11
1394 1395 3
1395 1396 20
1396 1397 6
1397 1398 7
1398 1399 15
1399 1400 3
1400 1401 12
1401 1402 9
1402 1403 10
1403 1404 4
1404 1405 14
1405 1406 2
1406 1407 11
1407 1408 17
1408 1409 4
1409 1410 6
1410 1411 9
1411 1412 11
1412 1413 12
1413 1414 9
1414 1415 13
1415 1416 10
1416 1417 17
1417 1418 3
1418 1419 11
1419 1420 9
1420 1421 14
1421 1422 13
1422 1423 17
1423 1424 16
1424 1425 18
1425 1426 8
1426 1427 1
1427 1428 6
1428 1429 1
1429 1430 16
1430 1431 5
1431 1432 12
1432 1433 6
1433 1434 20
1434 1435 17
1435 1436 9
1436 1437 11
1437 1438 18
1438 1439 5
1439 1440 20
1440 1441 18
1441 1442 8
1442 1443 3
1443 1444 6
1444 1445 8
1445 1446 19
1446 1447 1
1447 1448 19
1448 1449 16
1449 1450 2
1450 1451 7
1451 1452 16
1452 1453 18
1453 1454 1
1454 1455 7
1455 1456 6
1456 1457 20
1457 1458 19
1458 1459 5
1459 1460 11
1460 1461 20
1461 1462 8
1462 1463 1
1463 1464 12
1464 1465 9
1465 1466 14
1466 1467 8
1467 1468 14
1468 1469 19
1469 1470 5
1470 1471 10
1471 1472 11
1472 1473 4
1473 1474 7
1474 1475 15
1475 1476 3
1476 1477 19
1477 1478 19
1478 1479 12
1479 1480 19
1480 1481 4
1481 1482 17
1482 1483 13
1483 1484 6
1484 1485 9
1485 1486 10
1486 1487 4
1487 1488 4
1488 1489 9
1489 1490 6
1490 1491 15
1491 1492 19
1492 1493 12
1493 1494 3
1494 1495 10
1495 1496 15
1496 1497 15
1497 1498 16
1498 1499 17
1499 1500 2
1500 1501 13
1501 1502 4
1502 1503 14
1503 1504 7
1504 1505 6
1505 1506 11
1506 1507 13
1507 1508 7
1508 1509 6
1509 1510 13
1510 1511 8
1511 1512 18
1512 1513 18
1513 1514 9
1514 1515 19
1515 1516 4
1516 1517 12
1517 1518 7
1518 1519 15
1519 1520 20
1520 1521 4
1521 1522 6
1522 1523 5
1523 1524 9
1524 1525 11
1525 1526 9
1526 1527 2
1527 1528 9
1528 1529 9
1529 1530 2
1530 1531 13
1531 1532 11
1532 1533 10
1533 1534 18
1534 1535 9
1535 1536 8
1536 1537 16
1537 1538 17
1538 1539 9
1539 1540 10
1540 1541 11
1541 1542 3
1542 1543 12
1543 1544 11
1544 1545 4
1545 1546 4
1546 1547 20
1547 1548 1
1548 1549 20
1549 1550 19
1550 1551 19
1551 1552 11
1552 1553 5
1553 1554 9
1554 1555 12
1555 1556 5
1556 1557 5
1557 1558 5
1558 1559 17
1559 1560 2
1560 1561 15
1561 1562 16
1562 1563 19
1563 1564 1
1564 1565 19
1565 1566 19
1566 1567 14
1567 1568 19
1568 1569 19
1569 1570 8
1570 1571 1
1571 1572 7
1572 1573 17
1573 1574 9
1574 1575 10
1575 1576 2
1576 1577 5
1577 1578 3
1578 1579 7
1579 1580 5
1580 1581 17
1581 1582 1
1582 1583 11
1583 1584 17
1584 1585 20
1585 1586 14
1586 1587 14
1587 1588 11
1588 1589 3
1589 1590 10
1590 1591 1
1591 1592 3
1592 1593 11
1593 1594 14
1594 1595 12
1595 1596 11
1596 1597 8
1597 1598 16
1598 1599 10
1599 1600 17
1600 1601 15
1601 1602 16
1602 1603 4
1603 1604 20
1604 1605 3
1605 1606 20
1606 1607 20
1607 1608 17
1608 1609 12
1609 1610 7
1610 1611 20
1611 1612 6
1612 1613 11
1613 1614 6
1614 1615 13
1615 1616 20
1616 1617 13
1617 1618 19
1618 1619 2
1619 1620 3
1620 1621 6
1621 1622 3
1622 1623 20
1623 1624 20
1624 1625 1
1625 1626 4
1626 1627 18
1627 1628 1
1628 1629 7
1629 1630 16
1630 1631 7
1631 1632 7
1632 1633 16
1633 1634 8
1634 1635 9
1635 1636 1
1636 1637 14
1637 1638 10
1638 1639 13
1639 1640 17
1640 1641 2
1641 1642 8
1642 1643 5
1643 1644 16
1644 1645 15
1645 1646 5
1646 1647 18
1647 1648 14
1648 1649 4
1649 1650 19
1650 1651 10
1651 1652 13
1652 1653 3
1653 1654 3
1654 1655 9
1655 1656 2
1656 1657 12
1657 1658 7
1658 1659 9
1659 1660 16
1660 1661 19
1661 1662 13
1662 1663 17
1663 1664 9
1664 1665 14
1665 1666 4
1666 1667 4
1667 1668 13
1668 1669 14
1669 1670 15
1670 1671 4
1671 1672 5
1672 1673 13
1673 1674 18
1674 1675 17
1675 1676 2
1676 1677 15
1677 1678 7
1678 1679 12
1679 1680 4
1680 1681 15
1681 1682 14
1682 1683 6
1683 1684 1
1684 1685 6
1685 1686 13
1686 1687 6
1687 1688 16
1688 1689 13
1689 1690 17
1690 1691 16
1691 1692 7
1692 1693 2
1693 1694 18
1694 1695 1
1695 1696 20
1696 1697 10
1697 1698 5
1698 1699 14
1699 1700 7
1700 1701 9
1701 1702 10
1702 1703 16
1703 1704 18
1704 1705 5
1705 1706 10
1706 1707 1
1707 1708 7
1708 1709 19
1709 1710 7
1710 1711 1
1711 1712 3
1712 1713 19
1713 1714 15
1714 1715 11
1715 1716 8
1716 1717 10
1717 1718 14
1718 1719 18
1719 1720 11
1720 1721 16
1721 1722 11
1722 1723 14
1723 1724 18
1724 1725 3
1725 1726 20
1726 1727 8
1727 1728 5
1728 1729 1
1729 1730 1
1730 1731 11
1731 1732 11
1732 1733 14
1733 1734 12
1734 1735 15
1735 1736 2
1736 1737 7
1737 1738 19
1738 1739 1
1739 1740 16
1740 1741 11
1741 1742 17
1742 1743 10
1743 1744 9
1744 1745 6
1745 1746 15
1746 1747 20
1747 1748 5
1748 1749 6
1749 1750 9
1750 1751 11
1751 1752 18
1752 1753 1
1753 1754 18
1754 1755 13
1755 1756 11
1756 1757 2
1757 1758 13
1758 1759 10
1759 1760 14
1760 1761 20
1761 1762 3
1762 1763 15
1763 1764 6
1764 1765 5
1765 1766 4
1766 1767 11
1767 1768 6
1768 1769 4
1769 1770 9
1770 1771 6
1771 1772 5
1772 1773 14
1773 1774 4
1774 1775 14
1775 1776 7
1776 1777 18
1777 1778 5
1778 1779 3
1779 1780 20
1780 1781 11
1781 1782 18
1782 1783 10
1783 1784 11
1784 1785 18
1785 1786 5
1786 1787 7
1787 1788 5
1788 1789 5
1789 1790 15
1790 1791 17
1791 1792 19
1792 1793 11
1793 1794 10
1794 1795 16
1795 1796 15
1796 1797 6
1797 1798 10
1798 1799 20
1799 1800 5
1800 1801 8
1801 1802 8
1802 1803 9
1803 1804 5
1804 1805 5
1805 1806 19
1806 1807 9
1807 1808 8
1808 1809 13
1809 1810 11
1810 1811 5
1811 1812 4
1812 1813 18
1813 1814 3
1814 1815 8
1815 1816 3
1816 1817 2
1817 1818 18
1818 1819 15
1819 1820 9
1820 1821 2
1821 1822 9
1822 1823 4
1823 1824 17
1824 1825 2
1825 1826 15
1826 1827 3
1827 1828 12
1828 1829 19
1829 1830 13
1830 1831 20
1831 1832 16
1832 1833 19
1833 1834 4
1834 1835 6
1835 1836 16
1836 1837 11
1837 1838 10
1838 1839 8
1839 1840 7
1840 1841 19
1841 1842 6
1842 1843 10
1843 1844 13
1844 1845 2
1845 1846 8
1846 1847 17
1847 1848 6
1848 1849 14
1849 1850 14
1850 1851 9
1851 1852 2
1852 1853 15
1853 1854 3
1854 1855 7
1855 1856 1
1856 1857 16
1857 1858 12
1858 1859 14
1859 1860 13
1860 1861 14
1861 1862 16
1862 1863 16
1863 1864 3
1864 1865 18
1865 1866 17
1866 1867 16
1867 1868 12
1868 1869 12
1869 1870 18
1870 1871 13
1871 1872 6
1872 1873 6
1873 1874 14
1874 1875 5
1875 1876 8
1876 1877 7
1877 1878 2
1878 1879 18
1879 1880 10
1880 1881 15
1881 1882 1
1882 1883 19
1883 1884 1
1884 1885 16
1885 1886 7
1886 1887 20
1887 1888 3
1888 1889 17
1889 1890 8
1890 1891 17
1891 1892 1
1892 1893 15
1893 1894 5
1894 1895 17
1895 1896 19
1896 1897 2
1897 1898 16
1898 1899 13
1899 1900 8
1900 1901 3
1901 1902 15
1902 1903 10
1903 1904 10
1904 1905 7
1905 1906 16
1906 1907 1
1907 1908 14
1908 1909 20
1909 1910 18
1910 1911 19
1911 1912 13
1912 1913 3
1913 1914 10
1914 1915 7
1915 1916 17
1916 1917 15
1917 1918 15
1918 1919 16
1919 1920 6
1920 1921 5
1921 1922 5
1922 1923 2
1923 1924 20
1924 1925 9
1925 1926 11
1926 1927 19
1927 1928 1
1928 1929 12
1929 1930 8
1930 1931 9
1931 1932 4
1932 1933 6
1933 1934 19
1934 1935 20
1935 1936 15
1936 1937 20
1937 1938 11
1938 1939 4
1939 1940 8
1940 1941 18
1941 1942 15
1942 1943 20
1943 1944 12
1944 1945 18
1945 1946 10
1946 1947 20
1947 1948 6
1948 1949 5
1949 1950 14
1950 1951 14
1951 1952 7
1952 1953 6
1953 1954 18
1954 1955 17
1955 1956 3
1956 1957 16
1957 1958 18
1958 1959 5
1959 1960 1
1960 1961 2
1961 1962 5
1962 1963 5
1963 1964 4
1964 1965 6
1965 1966 13
1966 1967 9
1967 1968 16
1968 1969 7
1969 1970 17
1970 1971 1
1971 1972 11
1972 1973 1
1973 1974 19
1974 1975 13
1975 1976 6
1976 1977 10
1977 1978 8
1978 1979 20
1979 1980 13
1980 1981 14
1981 1982 15
1982 1983 14
1983 1984 20
1984 1985 15
1985 1986 15
1986 1987 2
1987 1988 12
1988 1989 15
1989 1990 10
1990 1991 20
1991 1992 2
1992 1993 20
1993 1994 7
1994 1995 3
1995 1996 11
1996 1997 13
1997 1998 14
1998 1999 10
1999 2000 11
2000 2001 16
2001 2002 17
2002 2003 6
2003 2004 15
2004 2005 16
2005 2006 5
2006 2007 17
2007 2008 6
2008 2009 11
2009 2010 18
2010 2011 10
2011 2012 13
2012 2013 15
2013 2014 4
2014 2015 20
2015 2016 1
2016 2017 1
2017 2018 15
2018 2019 12
2019 2020 17
2020 2021 7
2021 2022 11
2022 2023 1
2023 2024 13
2024 2025 3
2025 2026 5
2026 2027 19
2027 2028 11
2028 2029 17
2029 2030 16
2030 2031 9
2031 2032 9
2032 2033 9
2033 2034 15
2034 2035 5
2035 2036 12
2036 2037 20
2037 2038 9
2038 2039 11
2039 2040 4
2040 2041 9
2041 2042 4
2042 2043 6
2043 2044 11
2044 2045 5
2045 2046 15
2046 2047 9
2047 2048 16
2048 2049 7
2049 2050 14
2050 2051 16
2051 2052 5
2052 2053 9
2053 2054 14
2054 2055 5
2055 2056 8
2056 2057 17
2057 2058 3
2058 2059 12
2059 2060 3
2060 2061 17
2061 2062 4
2062 2063 1
2063 2064 5
2064 2065 12
2065 2066 3
2066 2067 19
2067 2068 6
2068 2069 18
2069 2070 4
2070 2071 1
2071 2072 14
2072 2073 17
2073 2074 1
2074 2075 8
2075 2076 1
2076 2077 7
2077 2078 1
2078 2079 11
2079 2080 10
2080 2081 9
2081 2082 14
2082 2083 7
2083 2084 2
2084 2085 15
2085 2086 6
2086 2087 8
2087 2088 16
2088 2089 12
2089 2090 19
2090 2091 3
2091 2092 16
2092 2093 20
2093 2094 10
2094 2095 9
2095 2096 1
2096 2097 11
2097 2098 16
2098 2099 8
2099 2100 5
2100 2101 16
2101 2102 16
2102 2103 6
2103 2104 1
2104 2105 5
2105 2106 15
2106 2107 9
2107 2108 18
2108 2109 13
2109 2110 14
2110 2111 7
2111 2112 16
2112 2113 10
2113 2114 15
2114 2115 9
2115 2116 7
2116 2117 20
2117 2118 19
2118 2119 11
2119 2120 1
2120 2121 13
2121 2122 17
2122 2123 16
2123 2124 13
2124 2125 18
2125 2126 11
2126 2127 18
2127 2128 1
2128 2129 8
2129 2130 12
2130 2131 8
2131 2132 3
2132 2133 12
2133 2134 7
2134 2135 3
2135 2136 16
2136 2137 20
2137 2138 5
2138 2139 16
2139 2140 13
2140 2141 20
2141 2142 19
2142 2143 8
2143 2144 16
2144 2145 7
2145 2146 8
2146 2147 17
2147 2148 15
2148 2149 13
2149 2150 8
2150 2151 3
2151 2152 17
2152 2153 8
2153 2154 17
2154 2155 8
2155 2156 8
2156 2157 17
2157 2158 12
2158 2159 3
2159 2160 2
2160 2161 9
2161 2162 15
2162 2163 10
2163 2164 14
2164 2165 1
2165 2166 19
2166 2167 2
2167 2168 9
2168 2169 7
2169 2170 1
2170 2171 12
2171 2172 2
2172 2173 14
2173 2174 14
2174 2175 12
2175 2176 5
2176 2177 18
2177 2178 9
2178 2179 20
2179 2180 4
2180 2181 9
2181 2182 18
2182 2183 16
2183 2184 7
2184 2185 9
2185 2186 9
2186 2187 12
2187 2188 13
2188 2189 2
2189 2190 1
2190 2191 15
2191 2192 17
2192 2193 11
2193 2194 1
2194 2195 19
2195 2196 16
2196 2197 4
2197 2198 18
2198 2199 20
2199 2200 11
2200 2201 6
2201 2202 13
2202 2203 16
2203 2204 12
2204 2205 17
2205 2206 13
2206 2207 14
2207 2208 4
2208 2209 5
2209 2210 20
2210 2211 6
2211 2212 19
2212 2213 1
2213 2214 19
2214 2215 18
2215 2216 6
2216 2217 9
2217 2218 10
2218 2219 17
2219 2220 2
2220 2221 20
2221 2222 14
2222 2223 20
2223 2224 13
2224 2225 16
2225 2226 12
2226 2227 12
2227 2228 5
2228 2229 11
2229 2230 2
2230 2231 1
2231 2232 13
2232 2233 3
2233 2234 15
2234 2235 9
2235 2236 20
2236 2237 15
2237 2238 12
2238 2239 10
2239 2240 19
2240 2241 18
2241 2242 6
2242 2243 18
2243 2244 20
2244 2245 16
2245 2246 15
2246 2247 5
2247 2248 12
2248 2249 3
2249 2250 8
2250 2251 17
2251 2252 12
2252 2253 14
2253 2254 2
2254 2255 4
2255 2256 9
2256 2257 20
2257 2258 20
2258 2259 1
2259 2260 11
2260 2261 16
2261 2262 2
2262 2263 9
2263 2264 3
2264 2265 4
2265 2266 2
2266 2267 7
2267 2268 20
2268 2269 3
2269 2270 3
2270 2271 17
2271 2272 20
2272 2273 14
2273 2274 13
2274 2275 10
2275 2276 9
2276 2277 20
2277 2278 15
2278 2279 4
2279 2280 15
2280 2281 17
2281 2282 8
2282 2283 17
2283 2284 7
2284 2285 4
2285 2286 5
2286 2287 16
2287 2288 2
2288 2289 17
2289 2290 14
2290 2291 12
2291 2292 2
2292 2293 4
2293 2294 6
2294 2295 14
2295 2296 1
2296 2297 14
2297 2298 18
2298 2299 5
2299 2300 11
2300 2301 7
2301 2302 9
2302 2303 4
2303 2304 18
2304 2305 20
2305 2306 7
2306 2307 14
2307 2308 5
2308 2309 15
2309 2310 3
2310 2311 12
2311 2312 8
2312 2313 2
2313 2314 6
2314 2315 8
2315 2316 11
2316 2317 17
2317 2318 3
2318 2319 15
2319 2320 12
2320 2321 5
2321 2322 10
2322 2323 14
2323 2324 4
2324 2325 2
2325 2326 14
2326 2327 18
2327 2328 12
2328 2329 5
2329 2330 20
2330 2331 13
2331 2332 16
2332 2333 8
2333 2334 20
2334 2335 6
2335 2336 11
2336 2337 16
2337 2338 4
2338 2339 14
2339 2340 1
2340 2341 1
2341 2342 4
2342 2343 5
2343 2344 12
2344 2345 16
2345 2346 6
2346 2347 12
2347 2348 9
2348 2349 20
2349 2350 16
2350 2351 20
2351 2352 13
2352 2353 2
2353 2354 11
2354 2355 1
2355 2356 8
2356 2357 15
2357 2358 18
2358 2359 20
2359 2360 3
2360 2361 9
2361 2362 17
2362 2363 1
2363 2364 11
2364 2365 2
2365 2366 8
2366 2367 13
2367 2368 15
2368 2369 5
2369 2370 18
2370 2371 3
2371 2372 9
2372 2373 4
2373 2374 14
2374 2375 3
2375 2376 20
2376 2377 13
2377 2378 4
2378 2379 14
2379 2380 9
2380 2381 10
2381 2382 16
2382 2383 13
2383 2384 17
2384 2385 16
2385 2386 13
2386 2387 16
2387 2388 11
2388 2389 10
2389 2390 13
2390 2391 7
2391 2392 1
2392 2393 18
2393 2394 19
2394 2395 6
2395 2396 1
2396 2397 20
2397 2398 11
2398 2399 6
2399 2400 11
2400 2401 5
2401 2402 8
2402 2403 9
2403 2404 4
2404 2405 9
2405 2406 7
2406 2407 8
2407 2408 16
2408 2409 5
2409 2410 15
2410 2411 19
2411 2412 5
2412 2413 8
2413 2414 13
2414 2415 4
2415 2416 14
2416 2417 14
2417 2418 2
2418 2419 18
2419 2420 10
2420 2421 12
2421 2422 15
2422 2423 18
2423 2424 15
2424 2425 10
2425 2426 13
2426 2427 19
2427 2428 5
2428 2429 8
2429 2430 1
2430 2431 9
2431 2432 3
2432 2433 4
2433 2434 5
2434 2435 19
2435 2436 5
2436 2437 17
2437 2438 8
2438 2439 9
2439 2440 14
2440 2441 1
2441 2442 5
2442 2443 10
2443 2444 18
2444 2445 9
2445 2446 13
2446 2447 19
2447 2448 12
2448 2449 18
2449 2450 16
2450 2451 10
2451 2452 15
2452 2453 14
2453 2454 20
2454 2455 12
2455 2456 19
2456 2457 10
2457 2458 5
2458 2459 11
2459 2460 10
2460 2461 10
2461 2462 12
2462 2463 10
2463 2464 5
2464 2465 11
2465 2466 5
2466 2467 19
2467 2468 15
2468 2469 11
2469 2470 18
2470 2471 7
2471 2472 19
2472 2473 20
2473 2474 19
2474 2475 8
2475 2476 20
2476 2477 19
2477 2478 17
2478 2479 10
2479 2480 4
2480 2481 3
2481 2482 8
2482 2483 16
2483 2484 9
2484 2485 6
2485 2486 14
2486 2487 7
2487 2488 16
2488 2489 3
2489 2490 5
2490 2491 20
2491 2492 4
2492 2493 11
2493 2494 9
2494 2495 13
2495 2496 7
2496 2497 5
2497 2498 1
2498 2499 19
2499 2500 8
2500 2501 6
2501 2502 12
2502 2503 2
2503 2504 8
2504 2505 20
2505 2506 4
2506 2507 8
2507 2508 14
2508 2509 18
2509 2510 18
2510 2511 16
2511 2512 6
2512 2513 8
2513 2514 4
2514 2515 17
2515 2516 4
2516 2517 20
2517 2518 12
2518 2519 7
2519 2520 3
2520 2521 3
2521 2522 17
2522 2523 11
2523 2524 15
2524 2525 19
2525 2526 14
2526 2527 2
2527 2528 5
2528 2529 13
2529 2530 10
2530 2531 5
2531 2532 14
2532 2533 18
2533 2534 19
2534 2535 1
2535 2536 4
2536 2537 4
2537 2538 4
2538 2539 3
2539 2540 8
2540 2541 5
2541 2542 9
2542 2543 6
2543 2544 20
2544 2545 3
2545 2546 1
2546 2547 1
2547 2548 10
2548 2549 6
2549 2550 19
2550 2551 10
2551 2552 8
2552 2553 15
2553 2554 11
2554 2555 9
2555 2556 4
2556 2557 16
2557 2558 3
2558 2559 15
2559 2560 16
2560 2561 18
2561 2562 7
2562 2563 14
2563 2564 2
2564 2565 16
2565 2566 16
2566 2567 16
2567 2568 14
2568 2569 7
2569 2570 10
2570 2571 8
2571 2572 16
2572 2573 1
2573 2574 8
2574 2575 18
2575 2576 12
2576 2577 10
2577 2578 7
2578 2579 9
2579 2580 19
2580 2581 14
2581 2582 10
2582 2583 15
2583 2584 1
2584 2585 4
2585 2586 14
2586 2587 13
2587 2588 3
2588 2589 3
2589 2590 9
2590 2591 3
2591 2592 12
2592 2593 16
2593 2594 5
2594 2595 4
2595 2596 17
2596 2597 17
2597 2598 3
2598 2599 9
2599 2600 2
2600 2601 4
2601 2602 5
2602 2603 19
2603 2604 19
2604 2605 11
2605 2606 3
2606 2607 20
2607 2608 8
2608 2609 16
2609 2610 10
2610 2611 11
2611 2612 12
2612 2613 17
2613 2614 19
2614 2615 19
2615 2616 3
2616 2617 13
2617 2618 1
2618 2619 7
2619 2620 17
2620 2621 17
2621 2622 12
2622 2623 19
2623 2624 17
2624 2625 7
2625 2626 12
2626 2627 18
2627 2628 20
2628 2629 6
2629 2630 13
2630 2631 9
2631 2632 10
2632 2633 6
2633 2634 1
2634 2635 18
2635 2636 17
2636 2637 4
2637 2638 15
2638 2639 12
2639 2640 10
2640 2641 7
2641 2642 2
2642 2643 13
2643 2644 3
2644 2645 12
2645 2646 11
2646 2647 4
2647 2648 20
2648 2649 15
2649 2650 18
2650 2651 6
2651 2652 16
2652 2653 15
2653 2654 9
2654 2655 8
2655 2656 19
2656 2657 4
2657 2658 17
2658 2659 2
2659 2660 20
2660 2661 2
2661 2662 19
2662 2663 14
2663 2664 1
2664 2665 14
2665 2666 3
2666 2667 12
2667 2668 1
2668 2669 17
2669 2670 15
2670 2671 2
2671 2672 12
2672 2673 8
2673 2674 10
2674 2675 14
2675 2676 4
2676 2677 2
2677 2678 10
2678 2679 3
2679 2680 10
2680 2681 15
2681 2682 11
2682 2683 9
2683 2684 19
2684 2685 19
2685 2686 15
2686 2687 10
2687 2688 4
2688 2689 14
2689 2690 11
2690 2691 5
2691 2692 17
2692 2693 14
2693 2694 4
2694 2695 19
2695 2696 19
2696 2697 9
2697 2698 12
2698 2699 13
2699 2700 11
2700 2701 19
2701 2702 14
2702 2703 6
2703 2704 13
2704 2705 15
2705 2706 2
2706 2707 12
2707 2708 4
2708 2709 1
2709 2710 1
2710 2711 13
2711 2712 15
2712 2713 3
2713 2714 16
2714 2715 10
2715 2716 18
2716 2717 15
2717 2718 6
2718 2719 8
2719 2720 20
2720 2721 12
2721 2722 18
2722 2723 5
2723 2724 11
2724 2725 16
2725 2726 1
2726 2727 10
2727 2728 19
2728 2729 2
2729 2730 1
2730 2731 1
2731 2732 15
2732 2733 15
2733 2734 6
2734 2735 7
2735 2736 14
2736 2737 8
2737 2738 5
2738 2739 5
2739 2740 2
2740 2741 12
2741 2742 7
2742 2743 15
2743 2744 2
2744 2745 1
2745 2746 14
2746 2747 4
2747 2748 10
2748 2749 1
2749 2750 3
2750 2751 7
2751 2752 19
2752 2753 7
2753 2754 20
2754 2755 13
2755 2756 10
2756 2757 7
2757 2758 6
2758 2759 10
2759 2760 1
2760 2761 13
2761 2762 14
2762 2763 16
2763 2764 6
2764 2765 12
2765 2766 14
2766 2767 9
2767 2768 15
2768 2769 4
2769 2770 10
2770 2771 20
2771 2772 6
2772 2773 5
2773 2774 8
2774 2775 1
2775 2776 17
2776 2777 11
2777 2778 3
2778 2779 5
2779 2780 18
2780 2781 20
2781 2782 11
2782 2783 20
2783 2784 4
2784 2785 5
2785 2786 9
2786 2787 6
2787 2788 7
2788 2789 19
2789 2790 18
2790 2791 2
2791 2792 6
2792 2793 7
2793 2794 13
2794 2795 12
2795 2796 14
2796 2797 9
2797 2798 1
2798 2799 4
2799 2800 1
2800 2801 5
2801 2802 5
2802 2803 14
2803 2804 8
2804 2805 7
2805 2806 14
2806 2807 3
2807 2808 4
2808 2809 10
2809 2810 18
2810 2811 6
2811 2812 20
2812 2813 5
2813 2814 6
2814 2815 1
2815 2816 11
2816 2817 1
2817 2818 20
2818 2819 16
2819 2820 18
2820 2821 5
2821 2822 11
2822 2823 11
2823 2824 19
2824 2825 8
2825 2826 12
2826 2827 15
2827 2828 5
2828 2829 19
2829 2830 7
2830 2831 20
2831 2832 11
2832 2833 4
2833 2834 1
2834 2835 3
2835 2836 3
2836 2837 8
2837 2838 4
2838 2839 3
2839 2840 11
2840 2841 18
2841 2842 17
2842 2843 19
2843 2844 4
2844 2845 18
2845 2846 10
2846 2847 17
2847 2848 7
2848 2849 14
2849 2850 16
2850 2851 17
2851 2852 13
2852 2853 4
2853 2854 11
2854 2855 5
2855 2856 13
2856 2857 20
2857 2858 19
2858 2859 2
2859 2860 4
2860 2861 12
2861 2862 18
2862 2863 14
2863 2864 19
2864 2865 1
2865 2866 8
2866 2867 20
2867 2868 8
2868 2869 13
2869 2870 7
2870 2871 12
2871 2872 5
2872 2873 4
2873 2874 13
2874 2875 3
2875 2876 3
2876 2877 20
2877 2878 11
2878 2879 13
2879 2880 19
2880 2881 7
2881 2882 19
2882 2883 14
2883 2884 17
2884 2885 8
2885 2886 20
2886 2887 9
2887 2888 3
2888 2889 14
2889 2890 4
2890 2891 11
2891 2892 13
2892 2893 20
2893 2894 16
2894 2895 3
2895 2896 9
2896 2897 15
2897 2898 5
2898 2899 17
2899 2900 8
2900 2901 6
2901 2902 3
2902 2903 8
2903 2904 17
2904 2905 16
2905 2906 10
2906 2907 3
2907 2908 3
2908 2909 16
2909 2910 18
2910 2911 19
2911 2912 15
2912 2913 13
2913 2914 20
2914 2915 18
2915 2916 3
2916 2917 3
2917 2918 18
2918 2919 13
2919 2920 15
2920 2921 7
2921 2922 2
2922 2923 1
2923 2924 16
2924 2925 12
2925 2926 9
2926 2927 5
2927 2928 11
2928 2929 2
2929 2930 20
2930 2931 11
2931 2932 15
2932 2933 11
2933 2934 11
2934 2935 3
2935 2936 18
2936 2937 20
2937 2938 20
2938 2939 8
2939 2940 6
2940 2941 9
2941 2942 18
2942 2943 12
2943 2944 3
2944 2945 14
2945 2946 9
2946 2947 7
2947 2948 7
2948 2949 11
2949 2950 20
2950 2951 12
2951 2952 1
2952 2953 16
2953 2954 16
2954 2955 11
2955 2956 11
2956 2957 19
2957 2958 5
2958 2959 5
2959 2960 20
2960 2961 13
2961 2962 9
2962 2963 5
2963 2964 11
2964 2965 6
2965 2966 20
2966 2967 6
2967 2968 13
2968 2969 12
2969 2970 2
2970 2971 20
2971 2972 2
2972 2973 8
2973 2974 10
2974 2975 18
2975 2976 7
2976 2977 15
2977 2978 10
2978 2979 9
2979 2980 1
2980 2981 18
2981 2982 17
2982 2983 2
2983 2984 3
2984 2985 10
2985 2986 1
2986 2987 18
2987 2988 7
2988 2989 7
2989 2990 2
2990 2991 10
2991 2992 2
2992 2993 2
2993 2994 1
2994 2995 10
2995 2996 16
2996 2997 6
2997 2998 6
2998 2999 16
2999 3000 16
3000 3001 14
3001 3002 15
3002 3003 14
3003 3004 5
3004 3005 10
3005 3006 14
3006 3007 6
3007 3008 1
3008 3009 12
3009 3010 1
3010 3011 3
3011 3012 9
3012 3013 5
3013 3014 19
3014 3015 7
3015 3016 8
3016 3017 14
3017 3018 19
3018 3019 14
3019 3020 6
3020 3021 6
3021 3022 10
3022 3023 17
3023 3024 9
3024 3025 7
3025 3026 10
3026 3027 6
3027 3028 12
3028 3029 11
3029 3030 17
3030 3031 2
3031 3032 13
3032 3033 16
3033 3034 9
3034 3035 17
3035 3036 20
3036 3037 17
3037 3038 9
3038 3039 9
3039 3040 17
3040 3041 3
3041 3042 3
3042 3043 1
3043 3044 4
3044 3045 19
3045 3046 3
3046 3047 3
3047 3048 11
3048 3049 16
3049 3050 2
3050 3051 4
3051 3052 20
3052 3053 12
3053 3054 6
3054 3055 7
3055 3056 12
3056 3057 1
3057 3058 18
3058 3059 12
3059 3060 16
3060 3061 6
3061 3062 18
3062 3063 7
3063 3064 9
3064 3065 15
3065 3066 10
3066 3067 13
3067 3068 20
3068 3069 14
3069 3070 3
3070 3071 13
3071 3072 5
3072 3073 15
3073 3074 19
3074 3075 6
3075 3076 14
3076 3077 11
3077 3078 12
3078 3079 17
3079 3080 19
3080 3081 7
3081 3082 20
3082 3083 17
3083 3084 15
3084 3085 14
3085 3086 5
3086 3087 14
3087 3088 9
3088 3089 14
3089 3090 16
3090 3091 20
3091 3092 18
3092 3093 6
3093 3094 6
3094 3095 12
3095 3096 11
3096 3097 5
3097 3098 11
3098 3099 19
3099 3100 3
3100 3101 9
3101 3102 14
3102 3103 10
3103 3104 3
3104 3105 20
3105 3106 5
3106 3107 13
3107 3108 4
3108 3109 19
3109 3110 6
3110 3111 10
3111 3112 4
3112 3113 12
3113 3114 11
3114 3115 7
3115 3116 4
3116 3117 6
3117 3118 1
3118 3119 1
3119 3120 1
3120 3121 20
3121 3122 12
3122 3123 11
3123 3124 2
3124 3125 2
3125 3126 19
3126 3127 6
3127 3128 19
3128 3129 17
3129 3130 14
3130 3131 3
3131 3132 8
3132 3133 19
3133 3134 18
3134 3135 14
3135 3136 13
3136 3137 6
3137 3138 14
3138 3139 4
3139 3140 6
3140 3141 4
3141 3142 2
3142 3143 15
3143 3144 20
3144 3145 9
3145 3146 6
3146 3147 9
3147 3148 5
3148 3149 5
3149 3150 18
3150 3151 3
3151 3152 8
3152 3153 12
3153 3154 8
3154 3155 8
3155 3156 18
3156 3157 17
3157 3158 17
3158 3159 9
3159 3160 6
3160 3161 13
3161 3162 13
3162 3163 14
3163 3164 15
3164 3165 18
3165 3166 18
3166 3167 19
3167 3168 3
3168 3169 13
3169 3170 17
3170 3171 18
3171 3172 4
3172 3173 2
3173 3174 2
3174 3175 8
3175 3176 15
3176 3177 1
3177 3178 16
3178 3179 15
3179 3180 18
3180 3181 17
3181 3182 8
3182 3183 9
3183 3184 16
3184 3185 2
3185 3186 1
3186 3187 11
3187 3188 5
3188 3189 18
3189 3190 18
3190 3191 7
3191 3192 2
3192 3193 5
3193 3194 16
3194 3195 1
3195 3196 15
3196 3197 4
3197 3198 11
3198 3199 11
3199 3200 2
3200 3201 5
3201 3202 10
3202 3203 1
3203 3204 12
3204 3205 14
3205 3206 17
3206 3207 17
3207 3208 19
3208 3209 14
3209 3210 10
3210 3211 14
3211 3212 18
3212 3213 1
3213 3214 2
3214 3215 4
3215 3216 1
3216 3217 11
3217 3218 11
3218 3219 1
3219 3220 5
3220 3221 19
3221 3222 16
3222 3223 14
3223 3224 2
3224 3225 7
3225 3226 12
3226 3227 4
3227 3228 16
3228 3229 17
3229 3230 6
3230 3231 3
3231 3232 16
3232 3233 9
3233 3234 19
3234 3235 1
3235 3236 14
3236 3237 14
3237 3238 2
3238 3239 17
3239 3240 7
3240 3241 4
3241 3242 10
3242 3243 11
3243 3244 4
3244 3245 12
3245 3246 15
3246 3247 18
3247 3248 1
3248 3249 16
3249 3250 20
3250 3251 7
3251 3252 10
3252 3253 20
3253 3254 10
3254 3255 13
3255 3256 2
3256 3257 8
3257 3258 6
3258 3259 10
3259 3260 17
3260 3261 14
3261 3262 4
3262 3263 8
3263 3264 7
3264 3265 7
3265 3266 18
3266 3267 2
3267 3268 8
3268 3269 19
3269 3270 12
3270 3271 6
3271 3272 11
3272 3273 9
3273 3274 1
3274 3275 11
3275 3276 9
3276 3277 4
3277 3278 4
3278 3279 16
3279 3280 5
3280 3281 6
3281 3282 4
3282 3283 5
3283 3284 5
3284 3285 8
3285 3286 14
3286 3287 15
3287 3288 18
3288 3289 12
3289 3290 10
3290 3291 10
3291 3292 14
3292 3293 19
3293 3294 15
3294 3295 16
3295 3296 12
3296 3297 5
3297 3298 6
3298 3299 12
3299 3300 13
3300 3301 17
3301 3302 7
3302 3303 4
3303 3304 9
3304 3305 20
3305 3306 4
3306 3307 7
3307 3308 6
3308 3309 7
3309 3310 14
3310 3311 12
3311 3312 16
3312 3313 10
3313 3314 13
3314 3315 2
3315 3316 5
3316 3317 10
3317 3318 2
3318 3319 3
3319 3320 9
3320 3321 19
3321 3322 8
3322 3323 1
3323 3324 11
3324 3325 17
3325 3326 19
3326 3327 6
3327 3328 16
3328 3329 15
3329 3330 1
3330 3331 9
3331 3332 6
3332 3333 19
3333 3334 15
3334 3335 11
3335 3336 11
3336 3337 2
3337 3338 10
3338 3339 9
3339 3340 20
3340 3341 20
3341 3342 2
3342 3343 16
3343 3344 1
3344 3345 17
3345 3346 8
3346 3347 3
3347 3348 1
3348 3349 3
3349 3350 18
3350 3351 8
3351 3352 9
3352 3353 2
3353 3354 14
3354 3355 19
3355 3356 9
3356 3357 12
3357 3358 4
3358 3359 3
3359 3360 19
3360 3361 14
3361 3362 17
3362 3363 9
3363 3364 15
3364 3365 10
3365 3366 2
3366 3367 6
3367 3368 17
3368 3369 18
3369 3370 17
3370 3371 16
3371 3372 6
3372 3373 13
3373 3374 3
3374 3375 15
3375 3376 11
3376 3377 9
3377 3378 4
3378 3379 15
3379 3380 9
3380 3381 12
3381 3382 18
3382 3383 9
3383 3384 14
3384 3385 3
3385 3386 14
3386 3387 13
3387 3388 2
3388 3389 2
3389 3390 20
3390 3391 20
3391 3392 5
3392 3393 4
3393 3394 14
3394 3395 12
3395 3396 7
3396 3397 6
3397 3398 19
3398 3399 5
3399 3400 2
3400 3401 16
3401 3402 15
3402 3403 2
3403 3404 1
3404 3405 15
3405 3406 15
3406 3407 10
3407 3408 1
3408 3409 14
3409 3410 14
3410 3411 20
3411 3412 8
3412 3413 1
3413 3414 1
3414 3415 11
3415 3416 20
3416 3417 20
3417 3418 10
3418 3419 1
3419 3420 11
3420 3421 10
3421 3422 18
3422 3423 9
3423 3424 13
3424 3425 2
3425 3426 13
3426 3427 15
3427 3428 14
3428 3429 5
3429 3430 18
3430 3431 14
3431 3432 16
3432 3433 20
3433 3434 13
3434 3435 6
3435 3436 19
3436 3437 3
3437 3438 18
3438 3439 4
3439 3440 1
3440 3441 5
3441 3442 19
3442 3443 7
3443 3444 20
3444 3445 9
3445 3446 20
3446 3447 20
3447 3448 12
3448 3449 3
3449 3450 8
3450 3451 19
3451 3452 6
3452 3453 16
3453 3454 11
3454 3455 8
3455 3456 10
3456 3457 18
3457 3458 1
3458 3459 13
3459 3460 16
3460 3461 4
3461 3462 7
3462 3463 18
3463 3464 7
3464 3465 16
3465 3466 13
3466 3467 19
3467 3468 6
3468 3469 11
3469 3470 13
3470 3471 14
3471 3472 1
3472 3473 5
3473 3474 12
3474 3475 2
3475 3476 8
3476 3477 11
3477 3478 14
3478 3479 13
3479 3480 1
3480 3481 9
3481 3482 14
3482 3483 12
3483 3484 3
3484 3485 1
3485 3486 11
3486 3487 6
3487 3488 2
3488 3489 16
3489 3490 16
3490 3491 10
3491 3492 16
3492 3493 2
3493 3494 16
3494 3495 15
3495 3496 2
3496 3497 2
3497 3498 15
3498 3499 1
3499 3500 9
3500 3501 5
3501 3502 18
3502 3503 4
3503 3504 6
3504 3505 7
3505 3506 9
3506 3507 11
3507 3508 19
3508 3509 5
3509 3510 19
3510 3511 18
3511 3512 8
3512 3513 15
3513 3514 4
3514 3515 20
3515 3516 14
3516 3517 6
3517 3518 17
3518 3519 15
3519 3520 13
3520 3521 17
3521 3522 10
3522 3523 15
3523 3524 12
3524 3525 17
3525 3526 14
3526 3527 11
3527 3528 19
3528 3529 8
3529 3530 5
3530 3531 2
3531 3532 8
3532 3533 6
3533 3534 8
3534 3535 14
3535 3536 7
3536 3537 3
3537 3538 9
3538 3539 19
3539 3540 2
3540 3541 15
3541 3542 12
3542 3543 12
3543 3544 5
3544 3545 9
3545 3546 12
3546 3547 6
3547 3548 16
3548 3549 18
3549 3550 6
3550 3551 15
3551 3552 9
3552 3553 3
3553 3554 2
3554 3555 20
3555 3556 19
3556 3557 6
3557 3558 10
3558 3559 15
3559 3560 11
3560 3561 16
3561 3562 2
3562 3563 1
3563 3564 16
3564 3565 11
3565 3566 8
3566 3567 17
3567 3568 15
3568 3569 9
3569 3570 3
3570 3571 1
3571 3572 3
3572 3573 19
3573 3574 17
3574 3575 11
3575 3576 2
3576 3577 9
3577 3578 16
3578 3579 11
3579 3580 16
3580 3581 12
3581 3582 9
3582 3583 7
3583 3584 6
3584 3585 20
3585 3586 8
3586 3587 12
3587 3588 3
3588 3589 8
3589 3590 16
3590 3591 9
3591 3592 11
3592 3593 2
3593 3594 11
3594 3595 11
3595 3596 14
3596 3597 15
3597 3598 2
3598 3599 6
3599 3600 16
3600 3601 13
3601 3602 11
3602 3603 4
3603 3604 10
3604 3605 12
3605 3606 8
3606 3607 4
3607 3608 11
3608 3609 16
3609 3610 15
3610 3611 4
3611 3612 14
3612 3613 4
3613 3614 11
3614 3615 2
3615 3616 15
3616 3617 3
3617 3618 14
3618 3619 3
3619 3620 20
3620 3621 12
3621 3622 5
3622 3623 8
3623 3624 3
3624 3625 3
3625 3626 12
3626 3627 6
3627 3628 8
3628 3629 15
3629 3630 8
3630 3631 14
3631 3632 18
3632 3633 4
3633 3634 11
3634 3635 16
3635 3636 2
3636 3637 20
3637 3638 7
3638 3639 19
3639 3640 8
3640 3641 10
3641 3642 3
3642 3643 12
3643 3644 3
3644 3645 1
3645 3646 14
3646 3647 15
3647 3648 5
3648 3649 11
3649 3650 13
3650 3651 3
3651 3652 3
3652 3653 9
3653 3654 12
3654 3655 16
3655 3656 17
3656 3657 9
3657 3658 9
3658 3659 16
3659 3660 7
3660 3661 6
3661 3662 5
3662 3663 13
3663 3664 3
3664 3665 14
3665 3666 3
3666 3667 10
3667 3668 4
3668 3669 13
3669 3670 7
3670 3671 12
3671 3672 9
3672 3673 5
3673 3674 19
3674 3675 11
3675 3676 4
3676 3677 4
3677 3678 6
3678 3679 16
3679 3680 17
3680 3681 16
3681 3682 12
3682 3683 6
3683 3684 11
3684 3685 12
3685 3686 19
3686 3687 10
3687 3688 20
3688 3689 12
3689 3690 10
3690 3691 20
3691 3692 15
3692 3693 7
3693 3694 13
3694 3695 1
3695 3696 4
3696 3697 18
3697 3698 6
3698 3699 10
3699 3700 6
3700 3701 15
3701 3702 14
3702 3703 10
3703 3704 2
3704 3705 10
3705 3706 10
3706 3707 18
3707 3708 4
3708 3709 10
3709 3710 9
3710 3711 9
3711 3712 7
3712 3713 14
3713 3714 7
3714 3715 14
3715 3716 17
3716 3717 17
3717 3718 7
3718 3719 16
3719 3720 5
3720 3721 10
3721 3722 8
3722 3723 6
3723 3724 16
3724 3725 10
3725 3726 11
3726 3727 4
3727 3728 8
3728 3729 5
3729 3730 15
3730 3731 16
3731 3732 5
3732 3733 9
3733 3734 3
3734 3735 14
3735 3736 20
3736 3737 13
3737 3738 16
3738 3739 5
3739 3740 6
3740 3741 14
3741 3742 7
3742 3743 14
3743 3744 1
3744 3745 3
3745 3746 11
3746 3747 15
3747 3748 11
3748 3749 15
3749 3750 1
3750 3751 2
3751 3752 2
3752 3753 9
3753 3754 7
3754 3755 1
3755 3756 17
3756 3757 1
3757 3758 10
3758 3759 3
3759 3760 8
3760 3761 18
3761 3762 13
3762 3763 10
3763 3764 10
3764 3765 10
3765 3766 20
3766 3767 13
3767 3768 1
3768 3769 19
3769 3770 1
3770 3771 8
3771 3772 11
3772 3773 2
3773 3774 15
3774 3775 13
3775 3776 5
3776 3777 2
3777 3778 11
3778 3779 1
3779 3780 9
3780 3781 2
3781 3782 12
3782 3783 20
3783 3784 18
3784 3785 9
3785 3786 3
3786 3787 1
3787 3788 20
3788 3789 5
3789 3790 8
3790 3791 19
3791 3792 9
3792 3793 19
3793 3794 2
3794 3795 10
3795 3796 2
3796 3797 15
3797 3798 16
3798 3799 7
3799 3800 2
3800 3801 17
3801 3802 7
3802 3803 9
3803 3804 17
3804 3805 9
3805 3806 20
3806 3807 7
3807 3808 12
3808 3809 19
3809 3810 2
3810 3811 12
3811 3812 11
3812 3813 16
3813 3814 19
3814 3815 19
3815 3816 10
3816 3817 10
3817 3818 19
3818 3819 19
3819 3820 20
3820 3821 5
3821 3822 3
3822 3823 18
3823 3824 6
3824 3825 4
3825 3826 17
3826 3827 14
3827 3828 3
3828 3829 6
3829 3830 7
3830 3831 2
3831 3832 16
3832 3833 12
3833 3834 4
3834 3835 5
3835 3836 18
3836 3837 10
3837 3838 5
3838 3839 17
3839 3840 14
3840 3841 18
3841 3842 20
3842 3843 1
3843 3844 11
3844 3845 13
3845 3846 18
3846 3847 18
3847 3848 18
3848 3849 13
3849 3850 1
3850 3851 3
3851 3852 14
3852 3853 16
3853 3854 7
3854 3855 13
3855 3856 17
3856 3857 4
3857 3858 7
3858 3859 14
3859 3860 2
3860 3861 15
3861 3862 7
3862 3863 1
3863 3864 14
3864 3865 11
3865 3866 4
3866 3867 6
3867 3868 14
3868 3869 5
3869 3870 2
3870 3871 18
3871 3872 4
3872 3873 13
3873 3874 7
3874 3875 18
3875 3876 10
3876 3877 16
3877 3878 2
3878 3879 2
3879 3880 8
3880 3881 18
3881 3882 20
3882 3883 5
3883 3884 14
3884 3885 17
3885 3886 2
3886 3887 6
3887 3888 8
3888 3889 20
3889 3890 4
3890 3891 9
3891 3892 3
3892 3893 20
3893 3894 18
3894 3895 6
3895 3896 16
3896 3897 1
3897 3898 16
3898 3899 6
3899 3900 18
3900 3901 13
3901 3902 20
3902 3903 4
3903 3904 12
3904 3905 4
3905 3906 17
3906 3907 12
3907 3908 17
3908 3909 11
3909 3910 18
3910 3911 19
3911 3912 20
3912 3913 19
3913 3914 2
3914 3915 18
3915 3916 1
3916 3917 20
3917 3918 15
3918 3919 5
3919 3920 1
3920 3921 19
3921 3922 8
3922 3923 12
3923 3924 13
3924 3925 18
3925 3926 5
3926 3927 12
3927 3928 17
3928 3929 6
3929 3930 3
3930 3931 1
3931 3932 1
3932 3933 10
3933 3934 9
3934 3935 4
3935 3936 10
3936 3937 3
3937 3938 18
3938 3939 13
3939 3940 17
3940 3941 6
3941 3942 18
3942 3943 19
3943 3944 11
3944 3945 17
3945 3946 15
3946 3947 2
3947 3948 16
3948 3949 8
3949 3950 13
3950 3951 19
3951 3952 8
3952 3953 8
3953 3954 18
3954 3955 3
3955 3956 18
3956 3957 5
3957 3958 1
3958 3959 7
3959 3960 1
3960 3961 13
3961 3962 20
3962 3963 7
3963 3964 10
3964 3965 15
3965 3966 16
3966 3967 14
3967 3968 18
3968 3969 14
3969 3970 11
3970 3971 3
3971 3972 1
3972 3973 9
3973 3974 9
3974 3975 16
3975 3976 2
3976 3977 20
3977 3978 10
3978 3979 18
3979 3980 13
3980 3981 17
3981 3982 19
3982 3983 19
3983 3984 9
3984 3985 14
3985 3986 2
3986 3987 13
3987 3988 10
3988 3989 2
3989 3990 15
3990 3991 4
3991 3992 13
3992 3993 19
3993 3994 16
3994 3995 5
3995 3996 12
3996 3997 14
3997 3998 5
3998 3999 4
3999 4000 12
4000 4001 5
4001 4002 13
4002 4003 2
4003 4004 18
4004 4005 20
4005 4006 13
4006 4007 14
4007 4008 2
4008 4009 15
4009 4010 5
4010 4011 8
4011 4012 16
4012 4013 19
4013 4014 16
4014 4015 2
4015 4016 7
4016 4017 10
4017 4018 14
4018 4019 12
4019 4020 12
4020 4021 20
4021 4022 17
4022 4023 13
4023 4024 6
4024 4025 16
4025 4026 8
4026 4027 7
4027 4028 8
4028 4029 14
4029 4030 8
4030 4031 19
4031 4032 10
4032 4033 19
4033 4034 17
4034 4035 5
4035 4036 1
4036 4037 5
4037 4038 8
4038 4039 1
4039 4040 4
4040 4041 16
4041 4042 13
4042 4043 4
4043 4044 9
4044 4045 10
4045 4046 15
4046 4047 19
4047 4048 3
4048 4049 14
4049 4050 20
4050 4051 8
4051 4052 4
4052 4053 15
4053 4054 2
4054 4055 15
4055 4056 12
4056 4057 5
4057 4058 14
4058 4059 8
4059 4060 5
4060 4061 17
4061 4062 8
4062 4063 1
4063 4064 18
4064 4065 9
4065 4066 3
4066 4067 17
4067 4068 4
4068 4069 18
4069 4070 4
4070 4071 17
4071 4072 1
4072 4073 20
4073 4074 4
4074 4075 8
4075 4076 4
4076 4077 12
4077 4078 5
4078 4079 13
4079 4080 3
4080 4081 16
4081 4082 7
4082 4083 8
4083 4084 2
4084 4085 10
4085 4086 13
4086 4087 10
4087 4088 19
4088 4089 2
4089 4090 1
4090 4091 12
4091 4092 12
4092 4093 16
4093 4094 11
4094 4095 2
4095 4096 14
4096 4097 3
4097 4098 19
4098 4099 6
4099 4100 1
4100 4101 15
4101 4102 5
4102 4103 4
4103 4104 4
4104 4105 6
4105 4106 9
4106 4107 9
4107 4108 14
4108 4109 7
4109 4110 8
4110 4111 13
4111 4112 14
4112 4113 18
4113 4114 3
4114 4115 13
4115 4116 8
4116 4117 6
4117 4118 4
4118 4119 19
4119 4120 15
4120 4121 12
4121 4122 9
4122 4123 18
4123 4124 15
4124 4125 11
4125 4126 17
4126 4127 19
4127 4128 8
4128 4129 7
4129 4130 13
4130 4131 1
4131 4132 12
4132 4133 5
4133 4134 4
4134 4135 16
4135 4136 17
4136 4137 3
4137 4138 4
4138 4139 19
4139 4140 11
4140 4141 19
4141 4142 14
4142 4143 5
4143 4144 2
4144 4145 20
4145 4146 20
4146 4147 20
4147 4148 19
4148 4149 1
4149 4150 12
4150 4151 6
4151 4152 3
4152 4153 5
4153 4154 12
4154 4155 4
4155 4156 3
4156 4157 14
4157 4158 14
4158 4159 16
4159 4160 8
4160 4161 9
4161 4162 20
4162 4163 2
4163 4164 11
4164 4165 5
4165 4166 11
4166 4167 14
4167 4168 6
4168 4169 1
4169 4170 9
4170 4171 8
4171 4172 14
4172 4173 15
4173 4174 5
4174 4175 16
4175 4176 4
4176 4177 15
4177 4178 17
4178 4179 13
4179 4180 7
4180 4181 19
4181 4182 17
4182 4183 6
4183 4184 18
4184 4185 12
4185 4186 13
4186 4187 2
4187 4188 2
4188 4189 17
4189 4190 19
4190 4191 3
4191 4192 19
4192 4193 15
4193 4194 6
4194 4195 4
4195 4196 5
4196 4197 7
4197 4198 12
4198 4199 17
4199 4200 12
4200 4201 12
4201 4202 14
4202 4203 5
4203 4204 7
4204 4205 19
4205 4206 11
4206 4207 1
4207 4208 8
4208 4209 20
4209 4210 10
4210 4211 5
4211 4212 15
4212 4213 8
4213 4214 13
4214 4215 3
4215 4216 15
4216 4217 2
4217 4218 19
4218 4219 14
4219 4220 19
4220 4221 15
4221 4222 5
4222 4223 2
4223 4224 14
4224 4225 9
4225 4226 5
4226 4227 5
4227 4228 9
4228 4229 19
4229 4230 4
4230 4231 13
4231 4232 11
4232 4233 2
4233 4234 16
4234 4235 15
4235 4236 10
4236 4237 3
4237 4238 4
4238 4239 11
4239 4240 15
4240 4241 4
4241 4242 4
4242 4243 18
4243 4244 19
4244 4245 5
4245 4246 16
4246 4247 7
4247 4248 5
4248 4249 11
4249 4250 4
4250 4251 1
4251 4252 16
4252 4253 15
4253 4254 3
4254 4255 5
4255 4256 5
4256 4257 1
4257 4258 12
4258 4259 18
4259 4260 9
4260 4261 19
4261 4262 10
4262 4263 17
4263 4264 20
4264 4265 17
4265 4266 15
4266 4267 14
4267 4268 17
4268 4269 13
4269 4270 1
4270 4271 8
4271 4272 1
4272 4273 1
4273 4274 2
4274 4275 18
4275 4276 3
4276 4277 2
4277 4278 4
4278 4279 10
4279 4280 9
4280 4281 2
4281 4282 1
4282 4283 8
4283 4284 13
4284 4285 16
4285 4286 2
4286 4287 14
4287 4288 7
4288 4289 16
4289 4290 1
4290 4291 8
4291 4292 3
4292 4293 4
4293 4294 6
4294 4295 16
4295 4296 13
4296 4297 6
4297 4298 8
4298 4299 10
4299 4300 9
4300 4301 9
4301 4302 15
4302 4303 9
4303 4304 18
4304 4305 11
4305 4306 16
4306 4307 17
4307 4308 14
4308 4309 8
4309 4310 15
4310 4311 20
4311 4312 19
4312 4313 12
4313 4314 7
4314 4315 4
4315 4316 1
4316 4317 2
4317 4318 9
4318 4319 7
4319 4320 18
4320 4321 7
4321 4322 1
4322 4323 16
4323 4324 20
4324 4325 8
4325 4326 4
4326 4327 9
4327 4328 6
4328 4329 2
4329 4330 18
4330 4331 2
4331 4332 2
4332 4333 17
4333 4334 4
4334 4335 5
4335 4336 13
4336 4337 20
4337 4338 4
4338 4339 19
4339 4340 12
4340 4341 12
4341 4342 4
4342 4343 18
4343 4344 6
4344 4345 11
4345 4346 2
4346 4347 16
4347 4348 16
4348 4349 18
4349 4350 6
4350 4351 8
4351 4352 7
4352 4353 1
4353 4354 17
4354 4355 16
4355 4356 18
4356 4357 1
4357 4358 17
4358 4359 17
4359 4360 19
4360 4361 6
4361 4362 14
4362 4363 15
4363 4364 3
4364 4365 18
4365 4366 16
4366 4367 4
4367 4368 12
4368 4369 16
4369 4370 3
4370 4371 7
4371 4372 7
4372 4373 8
4373 4374 11
4374 4375 10
4375 4376 8
4376 4377 15
4377 4378 12
4378 4379 12
4379 4380 3
4380 4381 8
4381 4382 9
4382 4383 5
4383 4384 18
4384 4385 14
4385 4386 14
4386 4387 3
4387 4388 11
4388 4389 16
4389 4390 2
4390 4391 11
4391 4392 9
4392 4393 6
4393 4394 11
4394 4395 1
4395 4396 6
4396 4397 11
4397 4398 14
4398 4399 8
4399 4400 14
4400 4401 19
4401 4402 14
4402 4403 16
4403 4404 7
4404 4405 17
4405 4406 10
4406 4407 3
4407 4408 20
4408 4409 12
4409 4410 5
4410 4411 20
4411 4412 14
4412 4413 9
4413 4414 2
4414 4415 11
4415 4416 14
4416 4417 9
4417 4418 6
4418 4419 8
4419 4420 8
4420 4421 13
4421 4422 5
4422 4423 5
4423 4424 19
4424 4425 1
4425 4426 7
4426 4427 7
4427 4428 7
4428 4429 20
4429 4430 16
4430 4431 5
4431 4432 15
4432 4433 3
4433 4434 13
4434 4435 6
4435 4436 11
4436 4437 3
4437 4438 5
4438 4439 8
4439 4440 7
4440 4441 10
4441 4442 10
4442 4443 11
4443 4444 4
4444 4445 20
4445 4446 11
4446 4447 9
4447 4448 12
4448 4449 7
4449 4450 2
4450 4451 18
4451 4452 18
4452 4453 3
4453 4454 5
4454 4455 12
4455 4456 2
4456 4457 17
4457 4458 20
4458 4459 14
4459 4460 15
4460 4461 16
4461 4462 20
4462 4463 8
4463 4464 13
4464 4465 18
4465 4466 13
4466 4467 3
4467 4468 18
4468 4469 7
4469 4470 17
4470 4471 13
4471 4472 1
4472 4473 4
4473 4474 9
4474 4475 16
4475 4476 2
4476 4477 14
4477 4478 7
4478 4479 17
4479 4480 6
4480 4481 14
4481 4482 17
4482 4483 8
4483 4484 10
4484 4485 20
4485 4486 16
4486 4487 16
4487 4488 9
4488 4489 16
4489 4490 5
4490 4491 10
4491 4492 14
4492 4493 6
4493 4494 18
4494 4495 10
4495 4496 4
4496 4497 15
4497 4498 10
4498 4499 15
4499 4500 12
4500 4501 5
4501 4502 9
4502 4503 18
4503 4504 8
4504 4505 13
4505 4506 5
4506 4507 11
4507 4508 1
4508 4509 15
4509 4510 6
4510 4511 20
4511 4512 15
4512 4513 3
4513 4514 11
4514 4515 8
4515 4516 19
4516 4517 11
4517 4518 7
4518 4519 9
4519 4520 6
4520 4521 5
4521 4522 5
4522 4523 12
4523 4524 13
4524 4525 3
4525 4526 12
4526 4527 15
4527 4528 17
4528 4529 16
4529 4530 17
4530 4531 19
4531 4532 5
4532 4533 3
4533 4534 20
4534 4535 20
4535 4536 19
4536 4537 16
4537 4538 15
4538 4539 15
4539 4540 13
4540 4541 11
4541 4542 16
4542 4543 5
4543 4544 12
4544 4545 7
4545 4546 8
4546 4547 9
4547 4548 7
4548 4549 19
4549 4550 8
4550 4551 4
4551 4552 6
4552 4553 2
4553 4554 17
4554 4555 1
4555 4556 11
4556 4557 16
4557 4558 8
4558 4559 14
4559 4560 18
4560 4561 8
4561 4562 14
4562 4563 18
4563 4564 1
4564 4565 10
4565 4566 12
4566 4567 16
4567 4568 6
4568 4569 1
4569 4570 19
4570 4571 1
4571 4572 6
4572 4573 2
4573 4574 16
4574 4575 13
4575 4576 20
4576 4577 3
4577 4578 2
4578 4579 14
4579 4580 7
4580 4581 12
4581 4582 16
4582 4583 17
4583 4584 5
4584 4585 13
4585 4586 12
4586 4587 17
4587 4588 16
4588 4589 17
4589 4590 2
4590 4591 19
4591 4592 16
4592 4593 20
4593 4594 14
4594 4595 1
4595 4596 10
4596 4597 4
4597 4598 19
4598 4599 5
4599 4600 1
4600 4601 17
4601 4602 18
4602 4603 18
4603 4604 3
4604 4605 20
4605 4606 15
4606 4607 4
4607 4608 17
4608 4609 19
4609 4610 11
4610 4611 19
4611 4612 16
4612 4613 6
4613 4614 7
4614 4615 17
4615 4616 13
4616 4617 4
4617 4618 5
4618 4619 14
4619 4620 2
4620 4621 7
4621 4622 4
4622 4623 18
4623 4624 19
4624 4625 20
4625 4626 20
4626 4627 16
4627 4628 7
4628 4629 18
4629 4630 16
4630 4631 2
4631 4632 20
4632 4633 15
4633 4634 19
4634 4635 6
4635 4636 14
4636 4637 14
4637 4638 11
4638 4639 19
4639 4640 5
4640 4641 16
4641 4642 5
4642 4643 9
4643 4644 10
4644 4645 17
4645 4646 8
4646 4647 15
4647 4648 4
4648 4649 7
4649 4650 13
4650 4651 11
4651 4652 15
4652 4653 5
4653 4654 5
4654 4655 7
4655 4656 6
4656 4657 1
4657 4658 4
4658 4659 10
4659 4660 8
4660 4661 19
4661 4662 9
4662 4663 20
4663 4664 16
4664 4665 5
4665 4666 4
4666 4667 18
4667 4668 9
4668 4669 11
4669 4670 10
4670 4671 14
4671 4672 4
4672 4673 14
4673 4674 2
4674 4675 13
4675 4676 9
4676 4677 20
4677 4678 1
4678 4679 10
4679 4680 12
4680 4681 11
4681 4682 3
4682 4683 1
4683 4684 7
4684 4685 9
4685 4686 4
4686 4687 15
4687 4688 9
4688 4689 19
4689 4690 6
4690 4691 15
4691 4692 14
4692 4693 6
4693 4694 7
4694 4695 17
4695 4696 7
4696 4697 13
4697 4698 7
4698 4699 11
4699 4700 4
4700 4701 14
4701 4702 18
4702 4703 20
4703 4704 14
4704 4705 1
4705 4706 5
4706 4707 18
4707 4708 15
4708 4709 16
4709 4710 1
4710 4711 8
4711 4712 13
4712 4713 6
4713 4714 3
4714 4715 13
4715 4716 15
4716 4717 19
4717 4718 20
4718 4719 7
4719 4720 4
4720 4721 17
4721 4722 18
4722 4723 5
4723 4724 11
4724 4725 4
4725 4726 1
4726 4727 16
4727 4728 18
4728 4729 17
4729 4730 2
4730 4731 1
4731 4732 11
4732 4733 20
4733 4734 11
4734 4735 14
4735 4736 1
4736 4737 15
4737 4738 4
4738 4739 10
4739 4740 17
4740 4741 6
4741 4742 12
4742 4743 9
4743 4744 20
4744 4745 11
4745 4746 15
4746 4747 5
4747 4748 9
4748 4749 20
4749 4750 12
4750 4751 10
4751 4752 4
4752 4753 17
4753 4754 11
4754 4755 7
4755 4756 8
4756 4757 7
4757 4758 1
4758 4759 20
4759 4760 12
4760 4761 14
4761 4762 1
4762 4763 14
4763 4764 19
4764 4765 13
4765 4766 10
4766 4767 14
4767 4768 20
4768 4769 2
4769 4770 9
4770 4771 16
4771 4772 15
4772 4773 9
4773 4774 10
4774 4775 3
4775 4776 8
4776 4777 1
4777 4778 6
4778 4779 9
4779 4780 6
4780 4781 19
4781 4782 10
4782 4783 4
4783 4784 12
4784 4785 12
4785 4786 15
4786 4787 9
4787 4788 5
4788 4789 14
4789 4790 8
4790 4791 19
4791 4792 4
4792 4793 20
4793 4794 12
4794 4795 15
4795 4796 6
4796 4797 1
4797 4798 17
4798 4799 14
4799 4800 19
4800 4801 2
4801 4802 17
4802 4803 8
4803 4804 19
4804 4805 11
4805 4806 16
4806 4807 13
4807 4808 4
4808 4809 8
4809 4810 7
4810 4811 10
4811 4812 12
4812 4813 20
4813 4814 14
4814 4815 9
4815 4816 17
4816 4817 16
4817 4818 9
4818 4819 18
4819 4820 8
4820 4821 19
4821 4822 18
4822 4823 14
4823 4824 15
4824 4825 17
4825 4826 20
4826 4827 10
4827 4828 3
4828 4829 12
4829 4830 6
4830 4831 17
4831 4832 4
4832 4833 16
4833 4834 4
4834 4835 5
4835 4836 4
4836 4837 7
4837 4838 4
4838 4839 6
4839 4840 9
4840 4841 17
4841 4842 10
4842 4843 10
4843 4844 5
4844 4845 1
4845 4846 3
4846 4847 1
4847 4848 10
4848 4849 4
4849 4850 19
4850 4851 5
4851 4852 18
4852 4853 6
4853 4854 8
4854 4855 9
4855 4856 7
4856 4857 20
4857 4858 4
4858 4859 6
4859 4860 12
4860 4861 18
4861 4862 6
4862 4863 8
4863 4864 6
4864 4865 14
4865 4866 12
4866 4867 11
4867 4868 18
4868 4869 14
4869 4870 15
4870 4871 10
4871 4872 15
4872 4873 3
4873 4874 3
4874 4875 5
4875 4876 9
4876 4877 18
4877 4878 1
4878 4879 4
4879 4880 7
4880 4881 15
4881 4882 8
4882 4883 8
4883 4884 5
4884 4885 19
4885 4886 7
4886 4887 16
4887 4888 15
4888 4889 13
4889 4890 19
4890 4891 12
4891 4892 1
4892 4893 18
4893 4894 19
4894 4895 13
4895 4896 2
4896 4897 1
4897 4898 1
4898 4899 20
4899 4900 3
4900 4901 17
4901 4902 14
4902 4903 19
4903 4904 13
4904 4905 7
4905 4906 14
4906 4907 17
4907 4908 10
4908 4909 18
4909 4910 10
4910 4911 6
4911 4912 19
4912 4913 13
4913 4914 19
4914 4915 15
4915 4916 12
4916 4917 8
4917 4918 20
4918 4919 9
4919 4920 15
4920 4921 5
4921 4922 15
4922 4923 5
4923 4924 7
4924 4925 6
4925 4926 4
4926 4927 4
4927 4928 8
4928 4929 9
4929 4930 10
4930 4931 6
4931 4932 5
4932 4933 12
4933 4934 10
4934 4935 11
4935 4936 10
4936 4937 5
4937 4938 4
4938 4939 15
4939 4940 4
4940 4941 3
4941 4942 12
4942 4943 17
4943 4944 19
4944 4945 16
4945 4946 16
4946 4947 9
4947 4948 1
4948 4949 8
4949 4950 7
4950 4951 17
4951 4952 16
4952 4953 8
4953 4954 8
4954 4955 18
4955 4956 6
4956 4957 5
4957 4958 15
4958 4959 1
4959 4960 10
4960 4961 12
4961 4962 1
4962 4963 4
4963 4964 18
4964 4965 11
4965 4966 6
4966 4967 17
4967 4968 7
4968 4969 14
4969 4970 6
4970 4971 3
4971 4972 5
4972 4973 9
4973 4974 16
4974 4975 15
4975 4976 14
4976 4977 9
4977 4978 12
4978 4979 16
4979 4980 14
4980 4981 4
4981 4982 14
4982 4983 20
4983 4984 6
4984 4985 9
4985 4986 5
4986 4987 13
4987 4988 8
4988 4989 18
4989 4990 5
4990 4991 20
4991 4992 12
4992 4993 11
4993 4994 19
4994 4995 18
4995 4996 20
4996 4997 17
4997 4998 6
4998 4999 13
4999 5000 2
5000 T 10
