1000000000
2
500 500
1000
1 1
2 1
3 1
4 1
5 1
6 1
7 1
8 1
9 1
10 1
11 1
12 1
13 1
14 1
15 1
16 1
17 1
18 1
19 1
20 1
21 1
22 1
23 1
24 1
25 1
26 1
27 1
28 1
29 1
30 1
31 1
32 1
33 1
34 1
35 1
36 1
37 1
38 1
39 1
40 1
41 1
42 1
43 1
44 1
45 1
46 1
47 1
48 1
49 1
50 1
51 1
52 1
53 1
54 1
55 1
56 1
57 1
58 1
59 1
60 1
61 1
62 1
63 1
64 1
65 1
66 1
67 1
68 1
69 1
70 1
71 1
72 1
73 1
74 1
75 1
76 1
77 1
78 1
79 1
80 1
81 1
82 1
83 1
84 1
85 1
86 1
87 1
88 1
89 1
90 1
91 1
92 1
93 1
94 1
95 1
96 1
97 1
98 1
99 1
100 1
101 1
102 1
103 1
104 1
105 1
106 1
107 1
108 1
109 1
110 1
111 1
112 1
113 1
114 1
115 1
116 1
117 1
118 1
119 1
120 1
121 1
122 1
123 1
124 1
125 1
126 1
127 1
128 1
129 1
130 1
131 1
132 1
133 1
134 1
135 1
136 1
137 1
138 1
139 1
140 1
141 1
142 1
143 1
144 1
145 1
146 1
147 1
148 1
149 1
150 1
151 1
152 1
153 1
154 1
155 1
156 1
157 1
158 1
159 1
160 1
161 1
162 1
163 1
164 1
165 1
166 1
167 1
168 1
169 1
170 1
171 1
172 1
173 1
174 1
175 1
176 1
177 1
178 1
179 1
180 1
181 1
182 1
183 1
184 1
185 1
186 1
187 1
188 1
189 1
190 1
191 1
192 1
193 1
194 1
195 1
196 1
197 1
198 1
199 1
200 1
201 1
202 1
203 1
204 1
205 1
206 1
207 1
208 1
209 1
210 1
211 1
212 1
213 1
214 1
215 1
216 1
217 1
218 1
219 1
220 1
221 1
222 1
223 1
224 1
225 1
226 1
227 1
228 1
229 1
230 1
231 1
232 1
233 1
234 1
235 1
236 1
237 1
238 1
239 1
240 1
241 1
242 1
243 1
244 1
245 1
246 1
247 1
248 1
249 1
250 1
251 1
252 1
253 1
254 1
255 1
256 1
257 1
258 1
259 1
260 1
261 1
262 1
263 1
264 1
265 1
266 1
267 1
268 1
269 1
270 1
271 1
272 1
273 1
274 1
275 1
276 1
277 1
278 1
279 1
280 1
281 1
282 1
283 1
284 1
285 1
286 1
287 1
288 1
289 1
290 1
291 1
292 1
293 1
294 1
295 1
296 1
297 1
298 1
299 1
300 1
301 1
302 1
303 1
304 1
305 1
306 1
307 1
308 1
309 1
310 1
311 1
312 1
313 1
314 1
315 1
316 1
317 1
318 1
319 1
320 1
321 1
322 1
323 1
324 1
325 1
326 1
327 1
328 1
329 1
330 1
331 1
332 1
333 1
334 1
335 1
336 1
337 1
338 1
339 1
340 1
341 1
342 1
343 1
344 1
345 1
346 1
347 1
348 1
349 1
350 1
351 1
352 1
353 1
354 1
355 1
356 1
357 1
358 1
359 1
360 1
361 1
362 1
363 1
364 1
365 1
366 1
367 1
368 1
369 1
370 1
371 1
372 1
373 1
374 1
375 1
376 1
377 1
378 1
379 1
380 1
381 1
382 1
383 1
384 1
385 1
386 1
387 1
388 1
389 1
390 1
391 1
392 1
393 1
394 1
395 1
396 1
397 1
398 1
399 1
400 1
401 1
402 1
403 1
404 1
405 1
406 1
407 1
408 1
409 1
410 1
411 1
412 1
413 1
414 1
415 1
416 1
417 1
418 1
419 1
420 1
421 1
422 1
423 1
424 1
425 1
426 1
427 1
428 1
429 1
430 1
431 1
432 1
433 1
434 1
435 1
436 1
437 1
438 1
439 1
440 1
441 1
442 1
443 1
444 1
445 1
446 1
447 1
448 1
449 1
450 1
451 1
452 1
453 1
454 1
455 1
456 1
457 1
458 1
459 1
460 1
461 1
462 1
463 1
464 1
465 1
466 1
467 1
468 1
469 1
470 1
471 1
472 1
473 1
474 1
475 1
476 1
477 1
478 1
479 1
480 1
481 1
482 1
483 1
484 1
485 1
486 1
487 1
488 1
489 1
490 1
491 1
492 1
493 1
494 1
495 1
496 1
497 1
498 1
499 1
500 1
501 2
502 2
503 2
504 2
505 2
506 2
507 2
508 2
509 2
510 2
511 2
512 2
513 2
514 2
515 2
516 2
517 2
518 2
519 2
520 2
521 2
522 2
523 2
524 2
525 2
526 2
527 2
528 2
529 2
530 2
531 2
532 2
533 2
534 2
535 2
536 2
537 2
538 2
539 2
540 2
541 2
542 2
543 2
544 2
545 2
546 2
547 2
548 2
549 2
550 2
551 2
552 2
553 2
554 2
555 2
556 2
557 2
558 2
559 2
560 2
561 2
562 2
563 2
564 2
565 2
566 2
567 2
568 2
569 2
570 2
571 2
572 2
573 2
574 2
575 2
576 2
577 2
578 2
579 2
580 2
581 2
582 2
583 2
584 2
585 2
586 2
587 2
588 2
589 2
590 2
591 2
592 2
593 2
594 2
595 2
596 2
597 2
598 2
599 2
600 2
601 2
602 2
603 2
604 2
605 2
606 2
607 2
608 2
609 2
610 2
611 2
612 2
613 2
614 2
615 2
616 2
617 2
618 2
619 2
620 2
621 2
622 2
623 2
624 2
625 2
626 2
627 2
628 2
629 2
630 2
631 2
632 2
633 2
634 2
635 2
636 2
637 2
638 2
639 2
640 2
641 2
642 2
643 2
644 2
645 2
646 2
647 2
648 2
649 2
650 2
651 2
652 2
653 2
654 2
655 2
656 2
657 2
658 2
659 2
660 2
661 2
662 2
663 2
664 2
665 2
666 2
667 2
668 2
669 2
670 2
671 2
672 2
673 2
674 2
675 2
676 2
677 2
678 2
679 2
680 2
681 2
682 2
683 2
684 2
685 2
686 2
687 2
688 2
689 2
690 2
691 2
692 2
693 2
694 2
695 2
696 2
697 2
698 2
699 2
700 2
701 2
702 2
703 2
704 2
705 2
706 2
707 2
708 2
709 2
710 2
711 2
712 2
713 2
714 2
715 2
716 2
717 2
718 2
719 2
720 2
721 2
722 2
723 2
724 2
725 2
726 2
727 2
728 2
729 2
730 2
731 2
732 2
733 2
734 2
735 2
736 2
737 2
738 2
739 2
740 2
741 2
742 2
743 2
744 2
745 2
746 2
747 2
748 2
749 2
750 2
751 2
752 2
753 2
754 2
755 2
756 2
757 2
758 2
759 2
760 2
761 2
762 2
763 2
764 2
765 2
766 2
767 2
768 2
769 2
770 2
771 2
772 2
773 2
774 2
775 2
776 2
777 2
778 2
779 2
780 2
781 2
782 2
783 2
784 2
785 2
786 2
787 2
788 2
789 2
790 2
791 2
792 2
793 2
794 2
795 2
796 2
797 2
798 2
799 2
800 2
801 2
802 2
803 2
804 2
805 2
806 2
807 2
808 2
809 2
810 2
811 2
812 2
813 2
814 2
815 2
816 2
817 2
818 2
819 2
820 2
821 2
822 2
823 2
824 2
825 2
826 2
827 2
828 2
829 2
830 2
831 2
832 2
833 2
834 2
835 2
836 2
837 2
838 2
839 2
840 2
841 2
842 2
843 2
844 2
845 2
846 2
847 2
848 2
849 2
850 2
851 2
852 2
853 2
854 2
855 2
856 2
857 2
858 2
859 2
860 2
861 2
862 2
863 2
864 2
865 2
866 2
867 2
868 2
869 2
870 2
871 2
872 2
873 2
874 2
875 2
876 2
877 2
878 2
879 2
880 2
881 2
882 2
883 2
884 2
885 2
886 2
887 2
888 2
889 2
890 2
891 2
892 2
893 2
894 2
895 2
896 2
897 2
898 2
899 2
900 2
901 2
902 2
903 2
904 2
905 2
906 2
907 2
908 2
909 2
910 2
911 2
912 2
913 2
914 2
915 2
916 2
917 2
918 2
919 2
920 2
921 2
922 2
923 2
924 2
925 2
926 2
927 2
928 2
929 2
930 2
931 2
932 2
933 2
934 2
935 2
936 2
937 2
938 2
939 2
940 2
941 2
942 2
943 2
944 2
945 2
946 2
947 2
948 2
949 2
950 2
951 2
952 2
953 2
954 2
955 2
956 2
957 2
958 2
959 2
960 2
961 2
962 2
963 2
964 2
965 2
966 2
967 2
968 2
969 2
970 2
971 2
972 2
973 2
974 2
975 2
976 2
977 2
978 2
979 2
980 2
981 2
982 2
983 2
984 2
985 2
986 2
987 2
988 2
989 2
990 2
991 2
992 2
993 2
994 2
995 2
996 2
997 2
998 2
999 2
1000 2
2060
S 1 9
1 2 5
2 3 20
3 4 4
4 5 18
5 6 7
6 7 12
7 8 9
8 9 1
9 10 19
10 11 10
11 12 17
12 13 14
13 14 16
14 15 17
15 16 16
16 17 9
17 18 2
18 19 20
19 20 11
20 21 8
21 22 4
22 23 5
23 24 4
24 25 6
25 26 15
26 27 8
27 28 17
28 29 14
29 30 5
30 31 6
31 32 3
32 33 20
33 34 7
34 35 19
35 36 11
36 37 19
37 38 10
38 39 4
39 40 20
40 41 5
41 42 13
42 43 15
43 44 1
44 45 12
45 46 3
46 47 20
47 48 18
48 49 18
49 50 19
50 51 3
51 52 17
52 53 19
53 54 9
54 55 16
55 56 10
56 57 6
57 58 7
58 59 6
59 60 8
60 61 5
61 62 8
62 63 19
63 64 5
64 65 19
65 66 3
66 67 17
67 68 1
68 69 7
69 70 5
70 71 3
71 72 9
72 73 7
73 74 9
74 75 9
75 76 5
76 77 18
77 78 5
78 79 16
79 80 20
80 81 6
81 82 1
82 83 8
83 84 16
84 85 9
85 86 1
86 87 16
87 88 18
88 89 10
89 90 16
90 91 2
91 92 13
92 93 1
93 94 16
94 95 12
95 96 2
96 97 11
97 98 4
98 99 19
99 100 4
100 101 6
101 102 10
102 103 8
103 104 1
104 105 3
105 106 16
106 107 12
107 108 8
108 109 17
109 110 16
110 111 10
111 112 3
112 113 13
113 114 6
114 115 11
115 116 16
116 117 7
117 118 16
118 119 6
119 120 3
120 121 2
121 122 9
122 123 18
123 124 14
124 125 20
125 126 6
126 127 10
127 128 1
128 129 13
129 130 14
130 131 19
131 132 15
132 133 18
133 134 19
134 135 15
135 136 20
136 137 5
137 138 16
138 139 15
139 140 14
140 141 9
141 142 14
142 143 3
143 144 4
144 145 15
145 146 11
146 147 5
147 148 13
148 149 7
149 150 11
150 151 8
151 152 20
152 153 9
153 154 10
154 155 20
155 156 6
156 157 19
157 158 1
158 159 6
159 160 16
160 161 13
161 162 10
162 163 19
163 164 8
164 165 5
165 166 6
166 167 9
167 168 15
168 169 6
169 170 9
170 171 16
171 172 9
172 173 12
173 174 6
174 175 18
175 176 11
176 177 12
177 178 8
178 179 18
179 180 8
180 181 14
181 182 18
182 183 20
183 184 19
184 185 20
185 186 3
186 187 18
187 188 15
188 189 5
189 190 1
190 191 5
191 192 18
192 193 14
193 194 6
194 195 19
195 196 12
196 197 10
197 198 15
198 199 1
199 200 9
200 201 5
201 202 19
202 203 6
203 204 9
204 205 11
205 206 11
206 207 6
207 208 6
208 209 11
209 210 4
210 211 1
211 212 5
212 213 12
213 214 8
214 215 3
215 216 6
216 217 14
217 218 16
218 219 11
219 220 10
220 221 16
221 222 7
222 223 4
223 224 13
224 225 4
225 226 1
226 227 7
227 228 15
228 229 4
229 230 13
230 231 13
231 232 11
232 233 13
233 234 11
234 235 5
235 236 11
236 237 5
237 238 11
238 239 4
239 240 17
240 241 19
241 242 18
242 243 15
243 244 15
244 245 4
245 246 9
246 247 19
247 248 19
248 249 4
249 250 16
250 251 17
251 252 8
252 253 18
253 254 12
254 255 15
255 256 5
256 257 2
257 258 8
258 259 8
259 260 19
260 261 8
261 262 10
262 263 11
263 264 20
264 265 12
265 266 15
266 267 17
267 268 8
268 269 12
269 270 13
270 271 13
271 272 6
272 273 18
273 274 7
274 275 9
275 276 14
276 277 14
277 278 13
278 279 19
279 280 19
280 281 5
281 282 3
282 283 8
283 284 16
284 285 6
285 286 5
286 287 11
287 288 12
288 289 15
289 290 12
290 291 17
291 292 14
292 293 8
293 294 4
294 295 18
295 296 10
296 297 16
297 298 4
298 299 4
299 300 1
300 301 10
301 302 5
302 303 8
303 304 7
304 305 7
305 306 2
306 307 2
307 308 8
308 309 9
309 310 13
310 311 20
311 312 19
312 313 3
313 314 3
314 315 17
315 316 4
316 317 4
317 318 5
318 319 15
319 320 14
320 321 16
321 322 5
322 323 5
323 324 20
324 325 10
325 326 7
326 327 9
327 328 15
328 329 20
329 330 3
330 331 8
331 332 12
332 333 4
333 334 16
334 335 8
335 336 17
336 337 14
337 338 1
338 339 6
339 340 6
340 341 20
341 342 5
342 343 17
343 344 11
344 345 17
345 346 7
346 347 16
347 348 10
348 349 16
349 350 1
350 351 17
351 352 6
352 353 7
353 354 18
354 355 11
355 356 15
356 357 7
357 358 4
358 359 14
359 360 18
360 361 20
361 362 2
362 363 19
363 364 16
364 365 8
365 366 16
366 367 17
367 368 10
368 369 8
369 370 19
370 371 12
371 372 16
372 373 9
373 374 18
374 375 20
375 376 20
376 377 16
377 378 2
378 379 1
379 380 17
380 381 6
381 382 15
382 383 11
383 384 10
384 385 4
385 386 15
386 387 14
387 388 3
388 389 7
389 390 1
390 391 6
391 392 12
392 393 19
393 394 15
394 395 6
395 396 13
396 397 2
397 398 2
398 399 3
399 400 12
400 401 4
401 402 17
402 403 17
403 404 10
404 405 18
405 406 9
406 407 5
407 408 19
408 409 19
409 410 17
410 411 8
411 412 1
412 413 10
413 414 7
414 415 7
415 416 12
416 417 12
417 418 19
418 419 1
419 420 2
420 421 3
421 422 2
422 423 18
423 424 11
424 425 11
425 426 16
426 427 17
427 428 16
428 429 2
429 430 12
430 431 10
431 432 16
432 433 9
433 434 13
434 435 5
435 436 11
436 437 6
437 438 13
438 439 3
439 440 5
440 441 6
441 442 6
442 443 3
443 444 4
444 445 15
445 446 12
446 447 4
447 448 16
448 449 18
449 450 16
450 451 13
451 452 18
452 453 14
453 454 9
454 455 8
455 456 20
456 457 18
457 458 6
458 459 17
459 460 19
460 461 12
461 462 20
462 463 11
463 464 20
464 465 7
465 466 7
466 467 8
467 468 11
468 469 19
469 470 13
470 471 5
471 472 12
472 473 6
473 474 4
474 475 18
475 476 11
476 477 9
477 478 18
478 479 3
479 480 16
480 481 17
481 482 7
482 483 15
483 484 10
484 485 18
485 486 9
486 487 16
487 488 20
488 489 13
489 490 1
490 491 16
491 492 7
492 493 19
493 494 1
494 495 15
495 496 9
496 497 5
497 498 17
498 499 11
499 500 11
500 501 16
501 502 4
502 503 14
503 504 14
504 505 15
505 506 20
506 507 9
507 508 7
508 509 14
509 510 2
510 511 16
511 512 12
512 513 9
513 514 12
514 515 9
515 516 4
516 517 7
517 518 12
518 519 11
519 520 7
520 521 8
521 522 12
522 523 13
523 524 14
524 525 15
525 526 17
526 527 9
527 528 9
528 529 19
529 530 8
530 531 19
531 532 13
532 533 16
533 534 16
534 535 6
535 536 15
536 537 10
537 538 7
538 539 15
539 540 10
540 541 4
541 542 3
542 543 2
543 544 9
544 545 8
545 546 2
546 547 17
547 548 9
548 549 20
549 550 13
550 551 7
551 552 16
552 553 11
553 554 13
554 555 17
555 556 2
556 557 10
557 558 8
558 559 11
559 560 11
560 561 1
561 562 15
562 563 20
563 564 14
564 565 12
565 566 15
566 567 17
567 568 19
568 569 17
569 570 13
570 571 13
571 572 10
572 573 19
573 574 14
574 575 13
575 576 18
576 577 17
577 578 16
578 579 15
579 580 13
580 581 15
581 582 17
582 583 17
583 584 17
584 585 11
585 586 18
586 587 2
587 588 5
588 589 6
589 590 19
590 591 19
591 592 14
592 593 8
593 594 18
594 595 6
595 596 11
596 597 1
597 598 7
598 599 11
599 600 2
600 601 17
601 602 7
602 603 13
603 604 3
604 605 7
605 606 6
606 607 1
607 608 9
608 609 9
609 610 2
610 611 18
611 612 8
612 613 4
613 614 3
614 615 15
615 616 20
616 617 8
617 618 7
618 619 1
619 620 2
620 621 12
621 622 18
622 623 7
623 624 14
624 625 1
625 626 17
626 627 14
627 628 16
628 629 1
629 630 11
630 631 4
631 632 7
632 633 12
633 634 18
634 635 19
635 636 12
636 637 11
637 638 1
638 639 5
639 640 3
640 641 6
641 642 17
642 643 14
643 644 20
644 645 3
645 646 15
646 647 20
647 648 8
648 649 19
649 650 8
650 651 4
651 652 19
652 653 11
653 654 20
654 655 11
655 656 6
656 657 9
657 658 14
658 659 3
659 660 4
660 661 9
661 662 17
662 663 8
663 664 5
664 665 20
665 666 4
666 667 13
667 668 3
668 669 12
669 670 7
670 671 12
671 672 7
672 673 13
673 674 19
674 675 5
675 676 11
676 677 9
677 678 7
678 679 1
679 680 2
680 681 7
681 682 11
682 683 19
683 684 10
684 685 17
685 686 6
686 687 11
687 688 12
688 689 16
689 690 19
690 691 17
691 692 17
692 693 18
693 694 9
694 695 10
695 696 7
696 697 13
697 698 1
698 699 6
699 700 19
700 701 4
701 702 13
702 703 6
703 704 15
704 705 4
705 706 9
706 707 3
707 708 1
708 709 15
709 710 20
710 711 4
711 712 6
712 713 15
713 714 2
714 715 15
715 716 16
716 717 2
717 718 11
718 719 2
719 720 17
720 721 18
721 722 17
722 723 9
723 724 13
724 725 18
725 726 7
726 727 4
727 728 7
728 729 5
729 730 16
730 731 10
731 732 13
732 733 8
733 734 10
734 735 18
735 736 6
736 737 8
737 738 5
738 739 18
739 740 4
740 741 7
741 742 8
742 743 8
743 744 9
744 745 8
745 746 17
746 747 7
747 748 5
748 749 13
749 750 6
750 751 8
751 752 12
752 753 3
753 754 11
754 755 3
755 756 8
756 757 13
757 758 17
758 759 11
759 760 14
760 761 8
761 762 18
762 763 13
763 764 18
764 765 18
765 766 13
766 767 19
767 768 2
768 769 8
769 770 6
770 771 19
771 772 10
772 773 7
773 774 3
774 775 17
775 776 5
776 777 2
777 778 16
778 779 4
779 780 15
780 781 11
781 782 17
782 783 15
783 784 17
784 785 5
785 786 13
786 787 11
787 788 14
788 789 19
789 790 9
790 791 18
791 792 20
792 793 1
793 794 2
794 795 11
795 796 6
796 797 18
797 798 17
798 799 5
799 800 14
800 801 9
801 802 9
802 803 16
803 804 7
804 805 18
805 806 1
806 807 5
807 808 12
808 809 3
809 810 4
810 811 7
811 812 5
812 813 15
813 814 20
814 815 13
815 816 15
816 817 6
817 818 12
818 819 17
819 820 4
820 821 12
821 822 10
822 823 16
823 824 1
824 825 20
825 826 4
826 827 3
827 828 7
828 829 6
829 830 19
830 831 17
831 832 7
832 833 19
833 834 14
834 835 7
835 836 10
836 837 18
837 838 1
838 839 1
839 840 1
840 841 6
841 842 15
842 843 14
843 844 18
844 845 14
845 846 16
846 847 1
847 848 13
848 849 6
849 850 16
850 851 14
851 852 16
852 853 15
853 854 2
854 855 17
855 856 13
856 857 12
857 858 17
858 859 6
859 860 10
860 861 6
861 862 9
862 863 5
863 864 13
864 865 20
865 866 8
866 867 15
867 868 16
868 869 15
869 870 20
870 871 5
871 872 17
872 873 11
873 874 17
874 875 9
875 876 9
876 877 15
877 878 4
878 879 15
879 880 13
880 881 16
881 882 19
882 883 16
883 884 11
884 885 6
885 886 19
886 887 17
887 888 9
888 889 7
889 890 2
890 891 20
891 892 16
892 893 19
893 894 17
894 895 14
895 896 14
896 897 20
897 898 10
898 899 6
899 900 19
900 901 1
901 902 6
902 903 17
903 904 13
904 905 13
905 906 18
906 907 2
907 908 14
908 909 6
909 910 15
910 911 7
911 912 6
912 913 4
913 914 15
914 915 9
915 916 6
916 917 20
917 918 9
918 919 14
919 920 13
920 921 19
921 922 7
922 923 9
923 924 10
924 925 16
925 926 6
926 927 4
927 928 17
928 929 16
929 930 3
930 931 16
931 932 14
932 933 17
933 934 18
934 935 16
935 936 17
936 937 9
937 938 17
938 939 16
939 940 20
940 941 8
941 942 13
942 943 14
943 944 17
944 945 4
945 946 6
946 947 4
947 948 9
948 949 10
949 950 4
950 951 15
951 952 1
952 953 8
953 954 16
954 955 5
955 956 16
956 957 15
957 958 2
958 959 1
959 960 19
960 961 16
961 962 20
962 963 18
963 964 19
964 965 18
965 966 4
966 967 18
967 968 18
968 969 4
969 970 14
970 971 18
971 972 8
972 973 18
973 974 11
974 975 20
975 976 6
976 977 7
977 978 20
978 979 11
979 980 14
980 981 18
981 982 6
982 983 6
983 984 10
984 985 12
985 986 8
986 987 2
987 988 10
988 989 10
989 990 8
990 991 6
991 992 16
992 993 13
993 994 14
994 995 10
995 996 3
996 997 6
997 998 16
998 999 9
999 1000 14
1000 T 13
1 272 3
2 162 2
2 925 18
3 580 11
4 148 2
4 539 6
5 554 18
5 866 10
7 27 14
8 899 14
9 79 17
10 79 17
10 460 13
11 807 6
12 525 20
12 909 8
13 11 4
15 370 20
15 557 14
15 647 4
16 79 7
16 635 6
17 594 9
17 890 3
18 224 11
19 335 14
19 607 4
20 109 14
20 424 12
20 769 18
21 784 7
22 640 17
23 445 12
25 32 16
26 74 11
27 842 5
28 266 12
28 287 13
28 999 17
30 475 20
32 277 8
32 393 11
32 916 5
33 780 12
34 82 7
35 561 2
36 112 5
36 719 8
38 899 20
39 900 7
39 915 12
39 918 17
42 123 8
42 638 4
42 700 7
43 594 7
43 919 16
45 57 8
48 951 20
52 371 9
52 436 12
53 23 16
53 454 15
56 410 14
56 413 7
56 903 4
57 876 4
58 207 8
59 794 6
61 591 10
64 604 19
65 2 6
65 182 16
65 262 8
67 521 16
68 645 16
69 149 20
69 735 6
71 455 2
74 273 18
75 486 7
75 777 12
76 753 11
77 55 5
79 251 1
79 461 19
80 810 11
80 973 6
81 801 4
82 200 4
85 416 7
87 380 16
88 983 12
89 441 11
90 525 13
92 861 3
93 43 2
93 743 18
94 900 16
95 248 13
95 268 17
95 945 12
96 285 5
96 499 5
98 197 2
98 529 9
99 184 2
99 590 10
102 703 12
102 801 20
102 947 19
104 274 9
104 584 14
104 727 16
105 579 5
107 485 1
107 847 20
108 177 14
108 288 7
108 306 19
108 473 13
108 931 6
110 135 7
110 542 3
111 447 11
111 490 1
112 447 20
114 411 16
114 648 17
115 871 13
117 74 16
118 720 5
118 770 3
119 225 2
119 536 6
119 783 8
122 307 17
122 654 10
122 870 4
123 265 5
124 993 16
125 328 8
125 926 12
128 772 17
129 367 8
130 291 12
133 277 16
135 48 13
136 873 16
137 430 14
137 795 11
137 894 10
138 689 15
138 811 9
139 99 7
139 445 3
140 501 13
141 349 5
141 350 15
143 394 6
143 532 12
144 397 14
144 683 1
144 967 6
145 662 16
147 662 6
148 124 7
149 424 16
149 712 1
149 972 16
150 324 15
151 266 11
152 515 4
153 606 15
153 816 5
155 473 16
156 258 18
157 457 12
158 995 11
161 992 1
163 105 3
164 217 1
165 15 10
165 67 10
165 769 5
170 128 16
170 527 8
170 958 3
173 386 15
173 423 3
174 916 5
175 250 6
177 117 12
177 442 7
177 615 17
178 224 10
178 468 2
178 642 11
178 995 2
180 471 9
181 39 19
182 160 2
183 364 3
184 942 10
186 193 7
187 103 8
187 685 9
189 746 20
191 379 17
191 413 6
191 793 5
192 287 19
192 465 3
192 811 2
195 974 4
196 365 2
197 9 14
199 135 13
199 984 6
200 523 4
201 853 15
201 907 15
204 515 8
206 677 11
207 498 10
209 685 4
210 288 4
211 352 17
211 944 13
212 305 12
215 28 4
215 190 8
217 196 20
219 640 5
222 1000 3
223 82 15
223 92 15
223 652 20
224 185 7
224 311 17
224 623 11
224 841 20
225 138 17
227 481 19
227 894 12
229 11 5
230 293 5
230 524 18
230 542 5
231 429 12
232 429 11
233 98 18
234 5 18
235 153 3
236 30 6
236 924 5
237 407 6
237 853 13
239 458 16
240 576 6
241 738 12
241 966 10
242 550 9
243 874 11
243 884 14
244 712 15
244 725 7
245 506 4
249 938 13
250 952 18
252 809 16
253 561 8
254 485 18
255 18 10
255 151 5
255 579 16
256 727 9
258 276 10
258 782 3
259 361 4
259 452 14
260 108 2
260 612 15
261 967 12
263 79 1
263 729 20
264 500 13
265 726 13
265 950 15
270 390 20
270 512 14
271 465 15
271 467 19
272 378 13
272 698 1
273 809 18
273 845 5
275 167 9
277 356 14
278 966 15
279 568 4
280 128 16
282 743 2
284 671 10
286 652 4
288 169 6
288 927 4
288 998 2
289 624 15
290 349 12
290 504 3
291 440 6
292 571 7
293 770 17
294 772 17
296 170 6
298 747 1
300 787 9
303 362 20
306 751 10
307 919 20
308 36 10
311 21 19
312 52 17
313 611 5
313 706 6
314 501 2
314 657 11
315 232 2
316 186 10
317 577 18
318 479 12
321 847 2
322 928 11
324 316 18
324 944 6
325 70 20
325 179 5
325 407 4
330 150 18
330 842 11
331 536 18
331 635 7
332 657 9
332 768 8
334 783 2
335 428 5
336 301 4
337 54 16
337 218 5
337 406 19
338 437 10
339 617 17
339 716 6
340 82 14
340 850 9
340 854 11
346 14 16
346 532 13
347 76 12
347 776 5
347 788 11
349 30 3
350 592 5
350 629 9
352 137 6
352 634 15
352 646 3
352 653 13
354 239 17
354 320 5
354 485 9
354 786 6
354 949 6
355 204 10
355 474 19
355 524 17
358 291 18
359 483 7
359 493 7
359 645 12
360 572 16
361 363 16
361 891 5
364 111 2
364 615 8
365 806 16
366 343 4
369 696 19
371 119 11
371 998 15
372 178 13
372 522 6
374 656 3
374 690 12
374 704 15
374 778 6
375 175 7
375 871 20
376 514 7
376 835 18
379 4 20
379 963 18
380 972 3
381 104 6
381 449 13
381 868 18
382 23 11
382 696 14
383 172 12
383 861 5
383 946 9
384 8 9
385 T 1
386 191 1
386 632 12
386 709 11
388 606 1
388 648 6
389 468 6
389 606 8
390 574 19
390 879 1
394 537 15
395 51 20
397 139 7
397 202 15
399 353 1
400 292 18
401 251 5
404 581 16
404 751 19
404 853 6
404 999 1
406 429 20
406 519 12
407 415 13
409 428 7
411 166 16
411 991 1
412 324 1
412 519 12
413 308 12
416 167 15
418 841 18
419 932 3
421 3 16
422 128 17
422 337 3
422 460 15
422 589 1
422 743 10
423 336 7
423 374 12
423 379 14
424 453 17
424 571 13
425 113 13
425 739 1
426 256 7
426 353 7
426 372 9
428 220 14
428 789 1
428 932 10
429 46 9
429 82 1
432 466 12
432 981 20
433 218 4
434 654 6
435 231 20
435 925 1
435 952 20
437 933 10
438 73 12
440 283 10
440 478 19
440 731 17
440 799 16
440 952 10
441 554 11
442 285 9
442 299 16
442 765 6
445 127 6
445 911 9
447 86 5
450 11 7
453 150 12
453 280 10
453 436 8
453 915 9
454 493 11
454 943 6
455 643 3
456 86 9
456 306 7
456 424 9
458 647 2
458 816 8
459 324 2
459 796 1
460 145 7
460 916 8
461 221 12
462 43 20
462 430 16
462 483 14
465 209 4
465 285 12
465 531 1
465 664 3
466 541 9
466 676 12
467 701 10
469 200 1
469 501 9
471 456 5
471 564 2
474 514 13
474 899 1
475 607 16
478 707 15
479 110 17
480 786 9
481 206 2
481 947 14
483 402 13
483 799 14
485 114 6
485 222 4
487 133 17
489 309 16
489 520 10
490 238 17
491 166 11
491 179 1
492 48 10
492 102 9
492 144 6
492 259 19
493 673 20
494 561 5
495 946 17
495 990 12
496 3 17
496 106 13
496 220 17
497 481 4
498 245 13
498 713 7
499 577 15
501 757 3
505 285 19
505 906 13
505 987 20
507 81 6
507 193 12
507 804 3
508 104 17
508 736 12
509 715 17
510 532 12
510 975 19
512 141 14
512 287 4
518 394 9
518 796 11
519 43 4
519 575 2
519 814 4
520 472 8
521 65 1
521 920 8
522 346 4
522 497 2
522 881 15
523 621 13
523 804 7
524 91 13
524 229 12
524 588 6
525 889 20
526 247 1
529 874 7
531 688 1
532 79 16
532 206 15
534 366 2
534 793 14
534 906 7
535 635 13
538 421 3
539 400 2
540 807 14
541 44 2
542 88 16
543 368 6
545 72 5
545 272 15
549 775 16
550 574 11
550 730 12
551 389 18
552 500 20
553 120 14
553 226 16
553 235 19
553 615 16
554 897 12
555 623 8
557 246 3
558 978 18
559 136 8
559 205 18
559 858 15
560 324 11
564 193 2
566 521 14
567 248 13
568 605 10
570 34 11
570 318 3
570 594 10
571 124 10
571 436 16
573 299 3
574 630 8
575 117 12
576 146 14
576 315 4
579 330 18
583 455 16
584 126 5
585 74 10
585 544 17
585 588 6
586 306 11
586 690 14
588 826 3
589 109 8
589 535 6
590 3 4
590 627 20
591 184 18
591 733 10
592 360 12
593 486 11
593 498 3
595 367 11
597 333 8
597 531 16
598 376 8
598 863 8
599 574 5
600 902 13
602 29 16
602 798 3
603 101 4
604 416 4
605 52 17
607 767 10
608 520 16
609 603 16
610 904 12
610 998 9
612 278 13
612 443 5
613 667 9
614 243 15
617 260 9
617 323 13
620 66 16
620 372 19
621 48 7
623 59 17
623 950 6
624 757 19
626 449 20
627 2 7
627 561 11
627 680 19
629 402 20
631 236 14
632 325 20
632 879 9
634 760 6
636 463 14
637 99 10
637 164 5
638 133 2
638 328 6
638 506 10
638 902 10
638 958 18
640 258 9
641 274 3
641 742 13
642 194 16
643 310 9
644 329 14
644 966 14
647 925 13
648 12 15
649 178 20
650 524 20
650 751 8
651 156 12
655 4 3
656 929 6
657 402 6
657 466 2
657 603 16
658 13 2
661 847 16
661 894 14
663 495 13
663 978 3
664 523 2
665 105 12
666 145 2
666 647 20
667 324 6
667 541 8
668 882 12
671 224 12
674 484 5
675 232 9
676 410 19
676 614 8
677 834 18
677 945 12
678 270 2
679 629 18
680 403 16
681 518 6
681 616 2
681 727 18
682 13 5
682 864 2
683 479 8
683 861 20
684 29 19
685 135 15
686 399 20
695 477 2
696 725 6
697 594 4
701 876 6
703 128 11
704 567 10
705 156 13
705 193 18
705 230 11
706 286 2
707 85 13
708 520 6
708 848 1
709 223 8
711 535 7
712 92 14
712 149 20
716 277 2
716 773 4
716 839 7
717 240 8
717 437 19
718 760 15
719 880 13
720 452 8
722 655 10
725 388 11
725 630 6
725 914 8
727 540 7
727 802 20
727 834 15
729 513 17
729 617 11
729 641 20
729 868 14
730 879 10
731 317 5
731 602 15
733 830 8
734 824 2
736 275 5
737 667 2
741 276 8
743 96 17
743 475 7
745 342 1
746 191 10
746 353 20
746 879 2
747 182 20
747 712 16
747 772 11
749 103 4
749 637 10
750 753 17
752 992 2
753 185 2
753 887 13
754 654 17
754 826 15
755 924 11
755 991 19
756 230 3
756 248 10
756 800 19
757 204 10
758 186 4
758 753 15
759 118 19
759 914 7
760 217 7
761 186 10
762 93 10
762 916 15
764 564 9
767 36 19
768 685 4
768 698 2
770 72 9
770 256 10
771 452 17
773 520 19
777 916 11
779 564 12
779 657 15
783 420 6
784 892 13
785 971 8
786 565 18
788 86 18
788 1000 13
790 93 17
790 942 8
791 536 18
792 409 2
792 997 16
793 928 6
793 988 15
795 436 9
796 777 15
797 695 6
799 910 19
801 473 8
802 177 9
803 26 20
803 207 14
806 880 10
808 317 14
810 549 7
813 317 7
813 840 11
813 998 7
815 532 15
815 997 17
820 532 8
821 561 12
822 220 13
822 608 6
823 51 2
823 350 2
823 745 1
823 922 6
824 950 3
825 498 5
825 975 11
827 99 19
828 114 11
829 644 15
830 82 13
830 266 4
831 60 9
832 20 11
835 855 11
835 977 7
836 212 8
837 719 13
838 707 1
839 646 6
840 358 10
841 126 9
841 554 4
841 767 9
841 856 11
842 283 19
842 710 9
843 346 6
843 564 10
846 268 2
846 862 18
847 253 3
847 732 13
850 914 16
851 482 20
853 275 12
853 430 12
853 736 15
854 518 3
854 567 9
854 656 11
854 668 8
854 847 9
855 580 10
858 971 19
859 167 10
859 882 7
860 649 4
860 673 13
860 985 15
861 753 6
861 950 2
861 958 14
864 500 6
865 204 17
866 104 7
866 790 1
867 394 7
868 102 3
868 692 12
868 899 1
868 924 20
868 938 17
870 634 2
870 753 12
871 598 17
872 2 11
873 912 12
876 296 20
876 758 15
879 256 1
880 973 10
880 990 19
882 922 12
883 216 6
883 280 2
885 668 2
888 737 9
889 711 18
890 859 16
891 212 12
891 755 16
892 311 15
893 159 8
893 597 18
894 148 3
894 390 7
894 635 16
895 183 11
895 192 18
895 893 4
896 123 20
897 6 20
897 296 10
899 191 4
899 879 5
900 309 12
905 923 5
907 99 1
909 482 18
910 42 9
910 844 20
911 257 16
911 972 12
912 300 5
912 364 11
912 410 12
912 560 16
914 226 16
914 318 14
915 35 5
915 427 6
916 976 2
918 299 11
918 424 2
920 712 16
921 429 13
921 854 2
923 914 6
926 610 2
926 691 5
926 798 10
927 726 4
930 241 16
932 110 6
932 487 5
934 96 9
934 771 13
934 833 4
935 532 20
936 197 3
936 648 13
938 16 1
940 184 20
940 561 16
943 720 7
943 723 20
944 453 5
945 217 3
945 494 12
947 83 19
949 64 16
949 319 3
949 472 10
949 522 15
950 583 8
951 194 9
952 171 14
954 70 2
954 489 8
955 194 6
958 195 16
958 543 20
959 593 2
960 363 15
962 820 8
963 286 10
963 954 15
966 231 7
966 691 2
967 323 6
968 282 20
968 897 16
972 18 4
972 352 20
972 576 2
973 180 16
974 258 2
974 919 17
976 548 1
977 248 12
977 305 11
977 360 9
978 25 13
978 310 13
979 93 12
979 593 7
979 696 10
979 735 2
980 804 10
980 876 16
984 353 10
984 846 2
985 649 19
986 1 16
991 2 16
992 877 1
994 68 3
994 701 2
996 909 18
997 588 4
998 827 6
1000 648 16
1000 676 17
