1000000000
10
10 10 10 10 10 10 10 10 10 10
100
1 1
2 1
3 1
4 1
5 1
6 1
7 1
8 1
9 1
10 1
11 2
12 2
13 2
14 2
15 2
16 2
17 2
18 2
19 2
20 2
21 3
22 3
23 3
24 3
25 3
26 3
27 3
28 3
29 3
30 3
31 4
32 4
33 4
34 4
35 4
36 4
37 4
38 4
39 4
40 4
41 5
42 5
43 5
44 5
45 5
46 5
47 5
48 5
49 5
50 5
51 6
52 6
53 6
54 6
55 6
56 6
57 6
58 6
59 6
60 6
61 7
62 7
63 7
64 7
65 7
66 7
67 7
68 7
69 7
70 7
71 8
72 8
73 8
74 8
75 8
76 8
77 8
78 8
79 8
80 8
81 9
82 9
83 9
84 9
85 9
86 9
87 9
88 9
89 9
90 9
91 10
92 10
93 10
94 10
95 10
96 10
97 10
98 10
99 10
100 10
1062
S 1 16
1 2 7
2 3 10
3 4 9
4 5 6
5 6 3
6 7 9
7 8 10
8 9 4
9 10 9
10 11 11
11 12 8
12 13 8
13 14 14
14 15 8
15 16 9
16 17 3
17 18 11
18 19 5
19 20 14
20 21 15
21 22 2
22 23 18
23 24 2
24 25 11
25 26 13
26 27 20
27 28 17
28 29 20
29 30 8
30 31 8
31 32 10
32 33 15
33 34 6
34 35 14
35 36 10
36 37 2
37 38 7
38 39 17
39 40 11
40 41 15
41 42 8
42 43 9
43 44 1
44 45 6
45 46 5
46 47 20
47 48 1
48 49 19
49 50 13
50 51 16
51 52 2
52 53 20
53 54 19
54 55 12
55 56 7
56 57 9
57 58 14
58 59 3
59 60 13
60 61 1
61 62 5
62 63 9
63 64 16
64 65 15
65 66 14
66 67 9
67 68 4
68 69 19
69 70 12
70 71 14
71 72 12
72 73 1
73 74 4
74 75 16
75 76 18
76 77 4
77 78 18
78 79 2
79 80 16
80 81 14
81 82 16
82 83 9
83 84 11
84 85 9
85 86 14
86 87 2
87 88 19
88 89 8
89 90 19
90 91 19
91 92 5
92 93 6
93 94 3
94 95 20
95 96 15
96 97 20
97 98 18
98 99 1
99 100 6
100 T 19
S 8 14
S 14 15
S 19 17
S 25 5
S 42 16
S 50 16
S 60 11
S 65 7
S 69 6
S 71 19
S 77 13
S 83 18
S 88 8
S 93 5
S 95 11
1 3 18
1 72 13
1 73 5
1 74 2
1 87 15
1 95 15
1 98 18
2 3 4
2 8 18
2 9 18
2 14 14
2 23 10
2 35 11
2 54 19
2 62 10
2 70 5
2 92 7
3 4 20
3 11 7
3 41 12
3 45 20
3 48 3
3 49 14
3 78 14
3 97 15
4 1 15
4 7 8
4 9 6
4 12 17
4 15 5
4 20 3
4 28 16
4 31 16
4 34 9
4 37 4
4 43 19
4 65 9
4 78 14
4 T 5
5 10 1
5 20 8
5 45 5
5 62 15
5 64 12
5 70 13
5 71 8
5 75 7
5 77 20
5 82 19
5 91 10
6 21 1
6 25 5
6 43 4
6 62 9
6 69 2
6 72 8
6 73 5
6 78 1
6 80 1
6 87 9
6 88 19
6 93 10
6 95 13
7 2 17
7 18 6
7 41 7
7 47 19
7 57 13
7 58 2
7 68 1
7 81 10
8 7 9
8 11 9
8 12 14
8 17 16
8 30 5
8 36 6
8 58 16
8 67 15
8 70 8
8 72 12
8 73 1
8 78 17
8 86 9
8 100 8
9 12 11
9 14 12
9 24 4
9 28 10
9 38 9
9 45 19
9 52 13
9 68 5
9 70 7
9 83 8
9 89 13
10 7 15
10 18 3
10 43 9
10 49 1
10 99 13
11 13 8
11 17 16
11 24 5
11 32 1
11 35 8
11 76 5
11 83 1
12 30 5
12 42 13
12 56 3
12 61 5
12 77 14
12 83 15
12 96 11
13 17 1
13 25 3
13 46 13
13 53 2
13 55 4
13 62 20
13 78 9
13 81 16
13 86 6
13 98 13
14 12 10
14 16 15
14 21 9
14 35 11
14 41 5
14 56 3
14 59 5
14 68 11
14 74 8
14 85 13
15 4 4
15 10 8
15 13 7
15 14 3
15 17 1
15 27 1
15 45 14
15 47 10
15 65 15
16 1 8
16 27 5
16 33 13
16 37 13
16 50 11
16 55 10
16 64 1
16 68 11
16 81 5
16 83 17
16 96 3
17 13 4
17 44 18
17 59 20
17 63 4
17 68 3
17 70 12
17 73 6
17 84 8
17 88 18
17 99 1
18 13 13
18 21 19
18 25 2
18 30 18
18 35 12
18 38 10
18 39 16
18 70 8
18 74 6
18 84 2
18 92 15
19 13 5
19 14 8
19 22 10
19 28 8
19 29 10
19 36 2
19 40 1
19 43 18
19 52 2
19 63 14
19 80 13
20 3 3
20 17 6
20 57 8
20 74 20
20 90 15
20 93 6
21 9 4
21 16 12
21 18 2
21 19 12
21 41 8
21 43 20
21 44 13
21 76 4
21 78 8
21 87 5
22 4 13
22 9 2
22 21 8
22 29 8
22 42 4
22 43 7
22 45 19
22 73 18
22 83 11
22 92 14
22 98 19
23 3 19
23 4 10
23 19 15
23 29 9
23 30 8
23 31 2
23 38 12
23 69 16
23 80 9
23 89 19
23 92 3
24 8 4
24 9 4
24 14 7
24 26 8
24 27 19
24 32 20
24 41 4
24 43 20
24 55 17
24 67 5
24 72 11
24 78 19
24 95 11
25 14 17
25 15 9
25 22 14
25 38 3
25 50 11
25 52 18
25 59 4
25 83 15
25 90 20
25 T 7
26 4 16
26 16 15
26 19 6
26 29 10
26 43 20
26 46 16
26 47 5
26 66 20
26 73 11
26 78 19
26 83 14
26 88 12
26 92 16
26 96 6
27 4 12
27 8 7
27 13 20
27 42 12
27 59 17
27 66 18
27 69 19
27 71 7
27 83 10
27 84 16
28 6 18
28 8 20
28 37 16
28 42 8
28 49 14
28 54 16
28 66 1
28 73 8
28 76 19
28 98 4
29 24 6
29 30 18
29 63 19
29 70 12
29 77 5
29 T 5
30 4 3
30 12 5
30 20 9
30 32 13
30 41 4
30 53 13
30 67 10
30 78 14
30 79 10
30 96 12
31 5 6
31 36 12
31 69 4
31 72 10
31 82 16
31 98 10
32 5 1
32 6 19
32 8 7
32 12 15
32 24 11
32 55 4
32 60 11
32 72 8
32 76 20
32 79 13
32 99 12
33 2 8
33 27 2
33 39 8
33 44 11
33 54 12
33 56 17
33 59 14
33 66 4
33 68 19
33 83 18
33 88 2
33 90 14
33 95 18
33 96 19
34 19 4
34 29 5
34 36 2
34 52 17
34 59 3
34 69 12
34 71 12
34 75 5
34 89 4
34 92 19
34 T 17
35 9 4
35 24 19
35 37 1
35 86 11
35 99 17
36 10 18
36 16 5
36 18 19
36 21 5
36 35 14
36 67 11
36 71 18
36 80 14
36 91 17
36 100 2
37 25 14
37 34 18
37 40 5
37 73 6
37 75 11
37 87 7
38 1 8
38 11 11
38 20 7
38 25 6
38 65 20
38 67 4
38 71 6
38 78 15
38 81 20
38 94 17
38 100 7
39 3 1
39 5 11
39 20 9
39 42 16
39 57 17
39 68 7
39 69 5
39 89 16
39 94 5
40 9 20
40 19 14
40 45 2
40 67 14
40 79 1
40 86 16
41 8 5
41 23 7
41 29 15
41 63 17
41 67 15
41 87 15
42 21 5
42 26 20
42 27 15
42 45 4
42 51 5
42 55 3
42 60 4
42 72 13
42 73 7
42 84 18
42 89 17
42 90 13
42 99 2
43 30 20
43 36 19
43 45 15
43 47 9
43 51 12
43 59 13
43 76 12
43 87 18
43 89 1
44 2 12
44 27 11
44 32 7
44 36 18
44 49 16
44 74 4
45 17 1
45 36 17
45 39 16
45 44 14
45 50 15
45 80 20
46 9 19
46 23 16
46 32 3
46 37 19
46 45 15
46 54 10
46 63 19
46 87 4
47 17 17
47 34 9
47 42 8
47 49 18
47 69 20
47 78 9
47 89 16
48 2 8
48 12 20
48 26 14
48 56 3
48 60 14
48 68 6
48 69 10
48 78 1
48 80 12
48 84 13
48 89 5
48 96 15
48 97 2
49 9 7
49 12 16
49 14 13
49 23 19
49 31 9
49 33 10
49 36 12
49 52 15
49 58 16
49 70 1
49 88 18
49 93 15
50 1 9
50 37 8
50 40 14
50 45 4
50 51 12
50 60 13
50 76 16
51 9 11
51 19 12
51 26 3
51 64 18
51 85 6
51 86 13
51 95 8
51 97 1
51 T 17
52 5 15
52 11 6
52 29 11
52 42 6
52 46 4
52 72 18
52 91 7
53 13 15
53 40 20
53 43 6
53 48 12
53 77 19
53 79 2
53 81 6
53 87 5
53 97 11
54 5 11
54 6 5
54 19 4
54 29 8
54 30 15
54 31 8
54 35 8
54 63 17
54 64 6
54 72 12
54 81 14
54 90 11
55 3 9
55 5 13
55 7 7
55 21 3
55 25 9
55 39 15
55 84 12
55 86 16
55 94 5
56 3 12
56 13 9
56 27 12
56 53 12
56 54 18
56 59 15
56 60 16
56 76 16
56 81 12
56 85 20
57 12 6
57 21 12
57 51 6
57 52 20
57 61 15
57 71 19
57 78 14
58 12 20
58 15 4
58 20 6
58 21 4
58 43 12
58 49 12
58 67 11
58 75 16
58 91 7
59 14 1
59 42 3
59 62 1
59 88 13
59 95 3
60 6 15
60 12 3
60 23 2
60 35 19
60 46 18
60 56 9
60 59 11
60 63 20
60 85 20
60 86 10
60 96 13
61 5 15
61 11 16
61 21 17
61 22 6
61 32 20
61 47 1
61 64 19
61 72 1
61 94 7
61 100 3
62 12 1
62 13 9
62 28 19
62 31 8
62 40 2
62 43 16
62 45 18
62 73 1
62 79 19
62 84 3
62 91 10
62 94 1
62 95 18
63 21 13
63 24 10
63 43 9
63 51 20
63 69 2
63 92 5
63 95 20
64 6 4
64 19 17
64 26 6
64 30 14
64 37 16
64 47 18
64 54 13
64 59 10
64 60 16
65 5 8
65 26 7
65 36 6
65 38 11
65 47 7
65 51 3
65 53 15
65 56 1
65 84 6
65 87 7
65 89 10
66 14 20
66 21 6
66 31 10
66 52 4
66 62 20
66 63 20
66 82 10
67 21 2
67 35 8
67 39 15
67 58 14
67 63 19
67 64 20
67 97 5
67 98 10
68 10 13
68 14 13
68 42 6
68 48 16
68 66 10
68 75 10
68 76 8
68 84 15
68 86 8
68 90 15
68 97 17
69 9 19
69 10 1
69 11 17
69 15 19
69 20 19
69 31 10
69 38 17
69 39 17
69 41 19
69 42 18
69 50 20
69 59 14
69 64 9
69 71 16
69 83 16
69 95 17
70 2 13
70 5 16
70 16 17
70 33 19
70 41 20
70 45 17
70 61 15
70 76 19
70 90 1
70 92 16
70 99 13
70 100 12
71 19 8
71 25 9
71 29 13
71 40 4
71 53 4
71 73 6
71 79 3
71 94 3
72 12 20
72 24 3
72 27 6
72 42 13
72 43 12
72 55 11
72 79 9
72 90 11
73 29 3
73 51 7
73 54 14
73 60 9
73 62 11
73 63 6
73 64 15
73 89 5
73 100 19
74 20 14
74 23 19
74 33 6
74 39 2
74 40 1
74 50 16
74 56 7
74 63 5
74 70 6
74 88 12
74 93 5
74 95 18
75 5 12
75 14 15
75 22 1
75 24 4
75 29 3
75 52 20
75 69 19
75 72 6
75 78 12
75 92 10
76 8 19
76 27 7
76 39 18
76 59 18
76 67 9
76 68 20
76 97 20
77 6 13
77 14 4
77 15 17
77 22 18
77 29 11
77 42 4
77 50 11
77 56 20
77 64 1
77 81 4
77 83 18
77 100 15
78 51 14
78 59 4
78 75 1
78 81 13
79 11 12
79 22 16
79 34 5
79 42 10
79 47 7
79 52 9
79 56 4
79 76 20
79 81 13
79 97 9
80 18 14
80 24 5
80 25 19
80 43 17
80 47 13
80 49 9
80 50 9
80 51 1
80 54 8
80 73 1
80 78 19
81 6 15
81 8 8
81 13 9
81 17 16
81 19 17
81 20 19
81 23 16
81 29 4
81 33 20
81 45 16
81 47 15
81 52 1
81 91 12
81 96 7
82 13 5
82 22 11
82 30 6
82 46 8
82 54 4
82 58 6
82 62 14
82 66 7
82 71 18
82 84 2
82 90 20
82 94 7
83 3 5
83 19 15
83 28 18
83 36 3
83 51 5
83 58 17
83 62 14
83 66 14
83 80 1
83 90 19
83 91 7
84 36 12
84 43 5
84 46 3
84 52 8
84 61 19
84 62 7
84 77 12
84 82 10
84 91 15
84 93 11
85 5 7
85 43 14
85 49 7
85 56 14
85 66 14
85 87 8
85 89 12
85 93 15
86 5 19
86 8 9
86 10 20
86 39 3
86 48 12
86 50 5
86 51 11
86 62 19
86 80 5
87 1 17
87 2 13
87 9 15
87 20 15
87 46 20
87 63 13
87 69 17
88 2 9
88 3 8
88 6 9
88 12 19
88 19 20
88 27 7
88 49 8
88 54 8
88 56 9
88 58 17
88 80 19
88 90 17
88 97 20
89 58 3
89 96 6
89 99 19
90 4 10
90 6 5
90 15 3
90 49 17
90 55 17
90 71 15
90 72 10
90 94 5
90 T 20
91 7 16
91 18 11
91 23 12
91 40 12
91 43 7
91 64 19
91 72 13
91 81 7
91 99 14
92 5 3
92 8 5
92 31 2
92 43 8
92 50 17
92 52 15
92 63 2
92 76 16
92 78 5
92 93 18
92 98 16
93 17 5
93 26 16
93 55 15
93 68 10
93 76 3
93 97 14
93 99 1
94 5 15
94 6 6
94 25 6
94 33 9
94 36 20
94 37 2
94 41 9
94 54 17
94 56 12
94 59 20
94 60 20
94 64 17
94 68 20
95 8 6
95 11 10
95 29 2
95 41 3
95 49 19
95 63 18
95 69 3
95 72 20
95 78 16
95 84 10
95 T 15
96 5 2
96 12 13
96 22 6
96 23 17
96 26 18
96 39 17
96 44 11
96 46 16
96 60 17
96 90 12
97 37 20
97 57 5
97 61 13
97 68 15
98 35 11
98 40 18
98 46 13
98 70 18
98 85 5
99 2 17
99 6 18
99 21 19
99 35 19
99 37 13
99 38 14
99 57 13
99 62 19
99 76 17
99 84 16
99 85 5
99 94 1
100 6 11
100 23 1
100 31 5
100 54 4
100 56 2
100 65 9
100 82 3
100 91 5
100 92 4
100 94 14
100 96 15
