1000000000
1
4000
4000
1 1
2 1
3 1
4 1
5 1
6 1
7 1
8 1
9 1
10 1
11 1
12 1
13 1
14 1
15 1
16 1
17 1
18 1
19 1
20 1
21 1
22 1
23 1
24 1
25 1
26 1
27 1
28 1
29 1
30 1
31 1
32 1
33 1
34 1
35 1
36 1
37 1
38 1
39 1
40 1
41 1
42 1
43 1
44 1
45 1
46 1
47 1
48 1
49 1
50 1
51 1
52 1
53 1
54 1
55 1
56 1
57 1
58 1
59 1
60 1
61 1
62 1
63 1
64 1
65 1
66 1
67 1
68 1
69 1
70 1
71 1
72 1
73 1
74 1
75 1
76 1
77 1
78 1
79 1
80 1
81 1
82 1
83 1
84 1
85 1
86 1
87 1
88 1
89 1
90 1
91 1
92 1
93 1
94 1
95 1
96 1
97 1
98 1
99 1
100 1
101 1
102 1
103 1
104 1
105 1
106 1
107 1
108 1
109 1
110 1
111 1
112 1
113 1
114 1
115 1
116 1
117 1
118 1
119 1
120 1
121 1
122 1
123 1
124 1
125 1
126 1
127 1
128 1
129 1
130 1
131 1
132 1
133 1
134 1
135 1
136 1
137 1
138 1
139 1
140 1
141 1
142 1
143 1
144 1
145 1
146 1
147 1
148 1
149 1
150 1
151 1
152 1
153 1
154 1
155 1
156 1
157 1
158 1
159 1
160 1
161 1
162 1
163 1
164 1
165 1
166 1
167 1
168 1
169 1
170 1
171 1
172 1
173 1
174 1
175 1
176 1
177 1
178 1
179 1
180 1
181 1
182 1
183 1
184 1
185 1
186 1
187 1
188 1
189 1
190 1
191 1
192 1
193 1
194 1
195 1
196 1
197 1
198 1
199 1
200 1
201 1
202 1
203 1
204 1
205 1
206 1
207 1
208 1
209 1
210 1
211 1
212 1
213 1
214 1
215 1
216 1
217 1
218 1
219 1
220 1
221 1
222 1
223 1
224 1
225 1
226 1
227 1
228 1
229 1
230 1
231 1
232 1
233 1
234 1
235 1
236 1
237 1
238 1
239 1
240 1
241 1
242 1
243 1
244 1
245 1
246 1
247 1
248 1
249 1
250 1
251 1
252 1
253 1
254 1
255 1
256 1
257 1
258 1
259 1
260 1
261 1
262 1
263 1
264 1
265 1
266 1
267 1
268 1
269 1
270 1
271 1
272 1
273 1
274 1
275 1
276 1
277 1
278 1
279 1
280 1
281 1
282 1
283 1
284 1
285 1
286 1
287 1
288 1
289 1
290 1
291 1
292 1
293 1
294 1
295 1
296 1
297 1
298 1
299 1
300 1
301 1
302 1
303 1
304 1
305 1
306 1
307 1
308 1
309 1
310 1
311 1
312 1
313 1
314 1
315 1
316 1
317 1
318 1
319 1
320 1
321 1
322 1
323 1
324 1
325 1
326 1
327 1
328 1
329 1
330 1
331 1
332 1
333 1
334 1
335 1
336 1
337 1
338 1
339 1
340 1
341 1
342 1
343 1
344 1
345 1
346 1
347 1
348 1
349 1
350 1
351 1
352 1
353 1
354 1
355 1
356 1
357 1
358 1
359 1
360 1
361 1
362 1
363 1
364 1
365 1
366 1
367 1
368 1
369 1
370 1
371 1
372 1
373 1
374 1
375 1
376 1
377 1
378 1
379 1
380 1
381 1
382 1
383 1
384 1
385 1
386 1
387 1
388 1
389 1
390 1
391 1
392 1
393 1
394 1
395 1
396 1
397 1
398 1
399 1
400 1
401 1
402 1
403 1
404 1
405 1
406 1
407 1
408 1
409 1
410 1
411 1
412 1
413 1
414 1
415 1
416 1
417 1
418 1
419 1
420 1
421 1
422 1
423 1
424 1
425 1
426 1
427 1
428 1
429 1
430 1
431 1
432 1
433 1
434 1
435 1
436 1
437 1
438 1
439 1
440 1
441 1
442 1
443 1
444 1
445 1
446 1
447 1
448 1
449 1
450 1
451 1
452 1
453 1
454 1
455 1
456 1
457 1
458 1
459 1
460 1
461 1
462 1
463 1
464 1
465 1
466 1
467 1
468 1
469 1
470 1
471 1
472 1
473 1
474 1
475 1
476 1
477 1
478 1
479 1
480 1
481 1
482 1
483 1
484 1
485 1
486 1
487 1
488 1
489 1
490 1
491 1
492 1
493 1
494 1
495 1
496 1
497 1
498 1
499 1
500 1
501 1
502 1
503 1
504 1
505 1
506 1
507 1
508 1
509 1
510 1
511 1
512 1
513 1
514 1
515 1
516 1
517 1
518 1
519 1
520 1
521 1
522 1
523 1
524 1
525 1
526 1
527 1
528 1
529 1
530 1
531 1
532 1
533 1
534 1
535 1
536 1
537 1
538 1
539 1
540 1
541 1
542 1
543 1
544 1
545 1
546 1
547 1
548 1
549 1
550 1
551 1
552 1
553 1
554 1
555 1
556 1
557 1
558 1
559 1
560 1
561 1
562 1
563 1
564 1
565 1
566 1
567 1
568 1
569 1
570 1
571 1
572 1
573 1
574 1
575 1
576 1
577 1
578 1
579 1
580 1
581 1
582 1
583 1
584 1
585 1
586 1
587 1
588 1
589 1
590 1
591 1
592 1
593 1
594 1
595 1
596 1
597 1
598 1
599 1
600 1
601 1
602 1
603 1
604 1
605 1
606 1
607 1
608 1
609 1
610 1
611 1
612 1
613 1
614 1
615 1
616 1
617 1
618 1
619 1
620 1
621 1
622 1
623 1
624 1
625 1
626 1
627 1
628 1
629 1
630 1
631 1
632 1
633 1
634 1
635 1
636 1
637 1
638 1
639 1
640 1
641 1
642 1
643 1
644 1
645 1
646 1
647 1
648 1
649 1
650 1
651 1
652 1
653 1
654 1
655 1
656 1
657 1
658 1
659 1
660 1
661 1
662 1
663 1
664 1
665 1
666 1
667 1
668 1
669 1
670 1
671 1
672 1
673 1
674 1
675 1
676 1
677 1
678 1
679 1
680 1
681 1
682 1
683 1
684 1
685 1
686 1
687 1
688 1
689 1
690 1
691 1
692 1
693 1
694 1
695 1
696 1
697 1
698 1
699 1
700 1
701 1
702 1
703 1
704 1
705 1
706 1
707 1
708 1
709 1
710 1
711 1
712 1
713 1
714 1
715 1
716 1
717 1
718 1
719 1
720 1
721 1
722 1
723 1
724 1
725 1
726 1
727 1
728 1
729 1
730 1
731 1
732 1
733 1
734 1
735 1
736 1
737 1
738 1
739 1
740 1
741 1
742 1
743 1
744 1
745 1
746 1
747 1
748 1
749 1
750 1
751 1
752 1
753 1
754 1
755 1
756 1
757 1
758 1
759 1
760 1
761 1
762 1
763 1
764 1
765 1
766 1
767 1
768 1
769 1
770 1
771 1
772 1
773 1
774 1
775 1
776 1
777 1
778 1
779 1
780 1
781 1
782 1
783 1
784 1
785 1
786 1
787 1
788 1
789 1
790 1
791 1
792 1
793 1
794 1
795 1
796 1
797 1
798 1
799 1
800 1
801 1
802 1
803 1
804 1
805 1
806 1
807 1
808 1
809 1
810 1
811 1
812 1
813 1
814 1
815 1
816 1
817 1
818 1
819 1
820 1
821 1
822 1
823 1
824 1
825 1
826 1
827 1
828 1
829 1
830 1
831 1
832 1
833 1
834 1
835 1
836 1
837 1
838 1
839 1
840 1
841 1
842 1
843 1
844 1
845 1
846 1
847 1
848 1
849 1
850 1
851 1
852 1
853 1
854 1
855 1
856 1
857 1
858 1
859 1
860 1
861 1
862 1
863 1
864 1
865 1
866 1
867 1
868 1
869 1
870 1
871 1
872 1
873 1
874 1
875 1
876 1
877 1
878 1
879 1
880 1
881 1
882 1
883 1
884 1
885 1
886 1
887 1
888 1
889 1
890 1
891 1
892 1
893 1
894 1
895 1
896 1
897 1
898 1
899 1
900 1
901 1
902 1
903 1
904 1
905 1
906 1
907 1
908 1
909 1
910 1
911 1
912 1
913 1
914 1
915 1
916 1
917 1
918 1
919 1
920 1
921 1
922 1
923 1
924 1
925 1
926 1
927 1
928 1
929 1
930 1
931 1
932 1
933 1
934 1
935 1
936 1
937 1
938 1
939 1
940 1
941 1
942 1
943 1
944 1
945 1
946 1
947 1
948 1
949 1
950 1
951 1
952 1
953 1
954 1
955 1
956 1
957 1
958 1
959 1
960 1
961 1
962 1
963 1
964 1
965 1
966 1
967 1
968 1
969 1
970 1
971 1
972 1
973 1
974 1
975 1
976 1
977 1
978 1
979 1
980 1
981 1
982 1
983 1
984 1
985 1
986 1
987 1
988 1
989 1
990 1
991 1
992 1
993 1
994 1
995 1
996 1
997 1
998 1
999 1
1000 1
1001 1
1002 1
1003 1
1004 1
1005 1
1006 1
1007 1
1008 1
1009 1
1010 1
1011 1
1012 1
1013 1
1014 1
1015 1
1016 1
1017 1
1018 1
1019 1
1020 1
1021 1
1022 1
1023 1
1024 1
1025 1
1026 1
1027 1
1028 1
1029 1
1030 1
1031 1
1032 1
1033 1
1034 1
1035 1
1036 1
1037 1
1038 1
1039 1
1040 1
1041 1
1042 1
1043 1
1044 1
1045 1
1046 1
1047 1
1048 1
1049 1
1050 1
1051 1
1052 1
1053 1
1054 1
1055 1
1056 1
1057 1
1058 1
1059 1
1060 1
1061 1
1062 1
1063 1
1064 1
1065 1
1066 1
1067 1
1068 1
1069 1
1070 1
1071 1
1072 1
1073 1
1074 1
1075 1
1076 1
1077 1
1078 1
1079 1
1080 1
1081 1
1082 1
1083 1
1084 1
1085 1
1086 1
1087 1
1088 1
1089 1
1090 1
1091 1
1092 1
1093 1
1094 1
1095 1
1096 1
1097 1
1098 1
1099 1
1100 1
1101 1
1102 1
1103 1
1104 1
1105 1
1106 1
1107 1
1108 1
1109 1
1110 1
1111 1
1112 1
1113 1
1114 1
1115 1
1116 1
1117 1
1118 1
1119 1
1120 1
1121 1
1122 1
1123 1
1124 1
1125 1
1126 1
1127 1
1128 1
1129 1
1130 1
1131 1
1132 1
1133 1
1134 1
1135 1
1136 1
1137 1
1138 1
1139 1
1140 1
1141 1
1142 1
1143 1
1144 1
1145 1
1146 1
1147 1
1148 1
1149 1
1150 1
1151 1
1152 1
1153 1
1154 1
1155 1
1156 1
1157 1
1158 1
1159 1
1160 1
1161 1
1162 1
1163 1
1164 1
1165 1
1166 1
1167 1
1168 1
1169 1
1170 1
1171 1
1172 1
1173 1
1174 1
1175 1
1176 1
1177 1
1178 1
1179 1
1180 1
1181 1
1182 1
1183 1
1184 1
1185 1
1186 1
1187 1
1188 1
1189 1
1190 1
1191 1
1192 1
1193 1
1194 1
1195 1
1196 1
1197 1
1198 1
1199 1
1200 1
1201 1
1202 1
1203 1
1204 1
1205 1
1206 1
1207 1
1208 1
1209 1
1210 1
1211 1
1212 1
1213 1
1214 1
1215 1
1216 1
1217 1
1218 1
1219 1
1220 1
1221 1
1222 1
1223 1
1224 1
1225 1
1226 1
1227 1
1228 1
1229 1
1230 1
1231 1
1232 1
1233 1
1234 1
1235 1
1236 1
1237 1
1238 1
1239 1
1240 1
1241 1
1242 1
1243 1
1244 1
1245 1
1246 1
1247 1
1248 1
1249 1
1250 1
1251 1
1252 1
1253 1
1254 1
1255 1
1256 1
1257 1
1258 1
1259 1
1260 1
1261 1
1262 1
1263 1
1264 1
1265 1
1266 1
1267 1
1268 1
1269 1
1270 1
1271 1
1272 1
1273 1
1274 1
1275 1
1276 1
1277 1
1278 1
1279 1
1280 1
1281 1
1282 1
1283 1
1284 1
1285 1
1286 1
1287 1
1288 1
1289 1
1290 1
1291 1
1292 1
1293 1
1294 1
1295 1
1296 1
1297 1
1298 1
1299 1
1300 1
1301 1
1302 1
1303 1
1304 1
1305 1
1306 1
1307 1
1308 1
1309 1
1310 1
1311 1
1312 1
1313 1
1314 1
1315 1
1316 1
1317 1
1318 1
1319 1
1320 1
1321 1
1322 1
1323 1
1324 1
1325 1
1326 1
1327 1
1328 1
1329 1
1330 1
1331 1
1332 1
1333 1
1334 1
1335 1
1336 1
1337 1
1338 1
1339 1
1340 1
1341 1
1342 1
1343 1
1344 1
1345 1
1346 1
1347 1
1348 1
1349 1
1350 1
1351 1
1352 1
1353 1
1354 1
1355 1
1356 1
1357 1
1358 1
1359 1
1360 1
1361 1
1362 1
1363 1
1364 1
1365 1
1366 1
1367 1
1368 1
1369 1
1370 1
1371 1
1372 1
1373 1
1374 1
1375 1
1376 1
1377 1
1378 1
1379 1
1380 1
1381 1
1382 1
1383 1
1384 1
1385 1
1386 1
1387 1
1388 1
1389 1
1390 1
1391 1
1392 1
1393 1
1394 1
1395 1
1396 1
1397 1
1398 1
1399 1
1400 1
1401 1
1402 1
1403 1
1404 1
1405 1
1406 1
1407 1
1408 1
1409 1
1410 1
1411 1
1412 1
1413 1
1414 1
1415 1
1416 1
1417 1
1418 1
1419 1
1420 1
1421 1
1422 1
1423 1
1424 1
1425 1
1426 1
1427 1
1428 1
1429 1
1430 1
1431 1
1432 1
1433 1
1434 1
1435 1
1436 1
1437 1
1438 1
1439 1
1440 1
1441 1
1442 1
1443 1
1444 1
1445 1
1446 1
1447 1
1448 1
1449 1
1450 1
1451 1
1452 1
1453 1
1454 1
1455 1
1456 1
1457 1
1458 1
1459 1
1460 1
1461 1
1462 1
1463 1
1464 1
1465 1
1466 1
1467 1
1468 1
1469 1
1470 1
1471 1
1472 1
1473 1
1474 1
1475 1
1476 1
1477 1
1478 1
1479 1
1480 1
1481 1
1482 1
1483 1
1484 1
1485 1
1486 1
1487 1
1488 1
1489 1
1490 1
1491 1
1492 1
1493 1
1494 1
1495 1
1496 1
1497 1
1498 1
1499 1
1500 1
1501 1
1502 1
1503 1
1504 1
1505 1
1506 1
1507 1
1508 1
1509 1
1510 1
1511 1
1512 1
1513 1
1514 1
1515 1
1516 1
1517 1
1518 1
1519 1
1520 1
1521 1
1522 1
1523 1
1524 1
1525 1
1526 1
1527 1
1528 1
1529 1
1530 1
1531 1
1532 1
1533 1
1534 1
1535 1
1536 1
1537 1
1538 1
1539 1
1540 1
1541 1
1542 1
1543 1
1544 1
1545 1
1546 1
1547 1
1548 1
1549 1
1550 1
1551 1
1552 1
1553 1
1554 1
1555 1
1556 1
1557 1
1558 1
1559 1
1560 1
1561 1
1562 1
1563 1
1564 1
1565 1
1566 1
1567 1
1568 1
1569 1
1570 1
1571 1
1572 1
1573 1
1574 1
1575 1
1576 1
1577 1
1578 1
1579 1
1580 1
1581 1
1582 1
1583 1
1584 1
1585 1
1586 1
1587 1
1588 1
1589 1
1590 1
1591 1
1592 1
1593 1
1594 1
1595 1
1596 1
1597 1
1598 1
1599 1
1600 1
1601 1
1602 1
1603 1
1604 1
1605 1
1606 1
1607 1
1608 1
1609 1
1610 1
1611 1
1612 1
1613 1
1614 1
1615 1
1616 1
1617 1
1618 1
1619 1
1620 1
1621 1
1622 1
1623 1
1624 1
1625 1
1626 1
1627 1
1628 1
1629 1
1630 1
1631 1
1632 1
1633 1
1634 1
1635 1
1636 1
1637 1
1638 1
1639 1
1640 1
1641 1
1642 1
1643 1
1644 1
1645 1
1646 1
1647 1
1648 1
1649 1
1650 1
1651 1
1652 1
1653 1
1654 1
1655 1
1656 1
1657 1
1658 1
1659 1
1660 1
1661 1
1662 1
1663 1
1664 1
1665 1
1666 1
1667 1
1668 1
1669 1
1670 1
1671 1
1672 1
1673 1
1674 1
1675 1
1676 1
1677 1
1678 1
1679 1
1680 1
1681 1
1682 1
1683 1
1684 1
1685 1
1686 1
1687 1
1688 1
1689 1
1690 1
1691 1
1692 1
1693 1
1694 1
1695 1
1696 1
1697 1
1698 1
1699 1
1700 1
1701 1
1702 1
1703 1
1704 1
1705 1
1706 1
1707 1
1708 1
1709 1
1710 1
1711 1
1712 1
1713 1
1714 1
1715 1
1716 1
1717 1
1718 1
1719 1
1720 1
1721 1
1722 1
1723 1
1724 1
1725 1
1726 1
1727 1
1728 1
1729 1
1730 1
1731 1
1732 1
1733 1
1734 1
1735 1
1736 1
1737 1
1738 1
1739 1
1740 1
1741 1
1742 1
1743 1
1744 1
1745 1
1746 1
1747 1
1748 1
1749 1
1750 1
1751 1
1752 1
1753 1
1754 1
1755 1
1756 1
1757 1
1758 1
1759 1
1760 1
1761 1
1762 1
1763 1
1764 1
1765 1
1766 1
1767 1
1768 1
1769 1
1770 1
1771 1
1772 1
1773 1
1774 1
1775 1
1776 1
1777 1
1778 1
1779 1
1780 1
1781 1
1782 1
1783 1
1784 1
1785 1
1786 1
1787 1
1788 1
1789 1
1790 1
1791 1
1792 1
1793 1
1794 1
1795 1
1796 1
1797 1
1798 1
1799 1
1800 1
1801 1
1802 1
1803 1
1804 1
1805 1
1806 1
1807 1
1808 1
1809 1
1810 1
1811 1
1812 1
1813 1
1814 1
1815 1
1816 1
1817 1
1818 1
1819 1
1820 1
1821 1
1822 1
1823 1
1824 1
1825 1
1826 1
1827 1
1828 1
1829 1
1830 1
1831 1
1832 1
1833 1
1834 1
1835 1
1836 1
1837 1
1838 1
1839 1
1840 1
1841 1
1842 1
1843 1
1844 1
1845 1
1846 1
1847 1
1848 1
1849 1
1850 1
1851 1
1852 1
1853 1
1854 1
1855 1
1856 1
1857 1
1858 1
1859 1
1860 1
1861 1
1862 1
1863 1
1864 1
1865 1
1866 1
1867 1
1868 1
1869 1
1870 1
1871 1
1872 1
1873 1
1874 1
1875 1
1876 1
1877 1
1878 1
1879 1
1880 1
1881 1
1882 1
1883 1
1884 1
1885 1
1886 1
1887 1
1888 1
1889 1
1890 1
1891 1
1892 1
1893 1
1894 1
1895 1
1896 1
1897 1
1898 1
1899 1
1900 1
1901 1
1902 1
1903 1
1904 1
1905 1
1906 1
1907 1
1908 1
1909 1
1910 1
1911 1
1912 1
1913 1
1914 1
1915 1
1916 1
1917 1
1918 1
1919 1
1920 1
1921 1
1922 1
1923 1
1924 1
1925 1
1926 1
1927 1
1928 1
1929 1
1930 1
1931 1
1932 1
1933 1
1934 1
1935 1
1936 1
1937 1
1938 1
1939 1
1940 1
1941 1
1942 1
1943 1
1944 1
1945 1
1946 1
1947 1
1948 1
1949 1
1950 1
1951 1
1952 1
1953 1
1954 1
1955 1
1956 1
1957 1
1958 1
1959 1
1960 1
1961 1
1962 1
1963 1
1964 1
1965 1
1966 1
1967 1
1968 1
1969 1
1970 1
1971 1
1972 1
1973 1
1974 1
1975 1
1976 1
1977 1
1978 1
1979 1
1980 1
1981 1
1982 1
1983 1
1984 1
1985 1
1986 1
1987 1
1988 1
1989 1
1990 1
1991 1
1992 1
1993 1
1994 1
1995 1
1996 1
1997 1
1998 1
1999 1
2000 1
2001 1
2002 1
2003 1
2004 1
2005 1
2006 1
2007 1
2008 1
2009 1
2010 1
2011 1
2012 1
2013 1
2014 1
2015 1
2016 1
2017 1
2018 1
2019 1
2020 1
2021 1
2022 1
2023 1
2024 1
2025 1
2026 1
2027 1
2028 1
2029 1
2030 1
2031 1
2032 1
2033 1
2034 1
2035 1
2036 1
2037 1
2038 1
2039 1
2040 1
2041 1
2042 1
2043 1
2044 1
2045 1
2046 1
2047 1
2048 1
2049 1
2050 1
2051 1
2052 1
2053 1
2054 1
2055 1
2056 1
2057 1
2058 1
2059 1
2060 1
2061 1
2062 1
2063 1
2064 1
2065 1
2066 1
2067 1
2068 1
2069 1
2070 1
2071 1
2072 1
2073 1
2074 1
2075 1
2076 1
2077 1
2078 1
2079 1
2080 1
2081 1
2082 1
2083 1
2084 1
2085 1
2086 1
2087 1
2088 1
2089 1
2090 1
2091 1
2092 1
2093 1
2094 1
2095 1
2096 1
2097 1
2098 1
2099 1
2100 1
2101 1
2102 1
2103 1
2104 1
2105 1
2106 1
2107 1
2108 1
2109 1
2110 1
2111 1
2112 1
2113 1
2114 1
2115 1
2116 1
2117 1
2118 1
2119 1
2120 1
2121 1
2122 1
2123 1
2124 1
2125 1
2126 1
2127 1
2128 1
2129 1
2130 1
2131 1
2132 1
2133 1
2134 1
2135 1
2136 1
2137 1
2138 1
2139 1
2140 1
2141 1
2142 1
2143 1
2144 1
2145 1
2146 1
2147 1
2148 1
2149 1
2150 1
2151 1
2152 1
2153 1
2154 1
2155 1
2156 1
2157 1
2158 1
2159 1
2160 1
2161 1
2162 1
2163 1
2164 1
2165 1
2166 1
2167 1
2168 1
2169 1
2170 1
2171 1
2172 1
2173 1
2174 1
2175 1
2176 1
2177 1
2178 1
2179 1
2180 1
2181 1
2182 1
2183 1
2184 1
2185 1
2186 1
2187 1
2188 1
2189 1
2190 1
2191 1
2192 1
2193 1
2194 1
2195 1
2196 1
2197 1
2198 1
2199 1
2200 1
2201 1
2202 1
2203 1
2204 1
2205 1
2206 1
2207 1
2208 1
2209 1
2210 1
2211 1
2212 1
2213 1
2214 1
2215 1
2216 1
2217 1
2218 1
2219 1
2220 1
2221 1
2222 1
2223 1
2224 1
2225 1
2226 1
2227 1
2228 1
2229 1
2230 1
2231 1
2232 1
2233 1
2234 1
2235 1
2236 1
2237 1
2238 1
2239 1
2240 1
2241 1
2242 1
2243 1
2244 1
2245 1
2246 1
2247 1
2248 1
2249 1
2250 1
2251 1
2252 1
2253 1
2254 1
2255 1
2256 1
2257 1
2258 1
2259 1
2260 1
2261 1
2262 1
2263 1
2264 1
2265 1
2266 1
2267 1
2268 1
2269 1
2270 1
2271 1
2272 1
2273 1
2274 1
2275 1
2276 1
2277 1
2278 1
2279 1
2280 1
2281 1
2282 1
2283 1
2284 1
2285 1
2286 1
2287 1
2288 1
2289 1
2290 1
2291 1
2292 1
2293 1
2294 1
2295 1
2296 1
2297 1
2298 1
2299 1
2300 1
2301 1
2302 1
2303 1
2304 1
2305 1
2306 1
2307 1
2308 1
2309 1
2310 1
2311 1
2312 1
2313 1
2314 1
2315 1
2316 1
2317 1
2318 1
2319 1
2320 1
2321 1
2322 1
2323 1
2324 1
2325 1
2326 1
2327 1
2328 1
2329 1
2330 1
2331 1
2332 1
2333 1
2334 1
2335 1
2336 1
2337 1
2338 1
2339 1
2340 1
2341 1
2342 1
2343 1
2344 1
2345 1
2346 1
2347 1
2348 1
2349 1
2350 1
2351 1
2352 1
2353 1
2354 1
2355 1
2356 1
2357 1
2358 1
2359 1
2360 1
2361 1
2362 1
2363 1
2364 1
2365 1
2366 1
2367 1
2368 1
2369 1
2370 1
2371 1
2372 1
2373 1
2374 1
2375 1
2376 1
2377 1
2378 1
2379 1
2380 1
2381 1
2382 1
2383 1
2384 1
2385 1
2386 1
2387 1
2388 1
2389 1
2390 1
2391 1
2392 1
2393 1
2394 1
2395 1
2396 1
2397 1
2398 1
2399 1
2400 1
2401 1
2402 1
2403 1
2404 1
2405 1
2406 1
2407 1
2408 1
2409 1
2410 1
2411 1
2412 1
2413 1
2414 1
2415 1
2416 1
2417 1
2418 1
2419 1
2420 1
2421 1
2422 1
2423 1
2424 1
2425 1
2426 1
2427 1
2428 1
2429 1
2430 1
2431 1
2432 1
2433 1
2434 1
2435 1
2436 1
2437 1
2438 1
2439 1
2440 1
2441 1
2442 1
2443 1
2444 1
2445 1
2446 1
2447 1
2448 1
2449 1
2450 1
2451 1
2452 1
2453 1
2454 1
2455 1
2456 1
2457 1
2458 1
2459 1
2460 1
2461 1
2462 1
2463 1
2464 1
2465 1
2466 1
2467 1
2468 1
2469 1
2470 1
2471 1
2472 1
2473 1
2474 1
2475 1
2476 1
2477 1
2478 1
2479 1
2480 1
2481 1
2482 1
2483 1
2484 1
2485 1
2486 1
2487 1
2488 1
2489 1
2490 1
2491 1
2492 1
2493 1
2494 1
2495 1
2496 1
2497 1
2498 1
2499 1
2500 1
2501 1
2502 1
2503 1
2504 1
2505 1
2506 1
2507 1
2508 1
2509 1
2510 1
2511 1
2512 1
2513 1
2514 1
2515 1
2516 1
2517 1
2518 1
2519 1
2520 1
2521 1
2522 1
2523 1
2524 1
2525 1
2526 1
2527 1
2528 1
2529 1
2530 1
2531 1
2532 1
2533 1
2534 1
2535 1
2536 1
2537 1
2538 1
2539 1
2540 1
2541 1
2542 1
2543 1
2544 1
2545 1
2546 1
2547 1
2548 1
2549 1
2550 1
2551 1
2552 1
2553 1
2554 1
2555 1
2556 1
2557 1
2558 1
2559 1
2560 1
2561 1
2562 1
2563 1
2564 1
2565 1
2566 1
2567 1
2568 1
2569 1
2570 1
2571 1
2572 1
2573 1
2574 1
2575 1
2576 1
2577 1
2578 1
2579 1
2580 1
2581 1
2582 1
2583 1
2584 1
2585 1
2586 1
2587 1
2588 1
2589 1
2590 1
2591 1
2592 1
2593 1
2594 1
2595 1
2596 1
2597 1
2598 1
2599 1
2600 1
2601 1
2602 1
2603 1
2604 1
2605 1
2606 1
2607 1
2608 1
2609 1
2610 1
2611 1
2612 1
2613 1
2614 1
2615 1
2616 1
2617 1
2618 1
2619 1
2620 1
2621 1
2622 1
2623 1
2624 1
2625 1
2626 1
2627 1
2628 1
2629 1
2630 1
2631 1
2632 1
2633 1
2634 1
2635 1
2636 1
2637 1
2638 1
2639 1
2640 1
2641 1
2642 1
2643 1
2644 1
2645 1
2646 1
2647 1
2648 1
2649 1
2650 1
2651 1
2652 1
2653 1
2654 1
2655 1
2656 1
2657 1
2658 1
2659 1
2660 1
2661 1
2662 1
2663 1
2664 1
2665 1
2666 1
2667 1
2668 1
2669 1
2670 1
2671 1
2672 1
2673 1
2674 1
2675 1
2676 1
2677 1
2678 1
2679 1
2680 1
2681 1
2682 1
2683 1
2684 1
2685 1
2686 1
2687 1
2688 1
2689 1
2690 1
2691 1
2692 1
2693 1
2694 1
2695 1
2696 1
2697 1
2698 1
2699 1
2700 1
2701 1
2702 1
2703 1
2704 1
2705 1
2706 1
2707 1
2708 1
2709 1
2710 1
2711 1
2712 1
2713 1
2714 1
2715 1
2716 1
2717 1
2718 1
2719 1
2720 1
2721 1
2722 1
2723 1
2724 1
2725 1
2726 1
2727 1
2728 1
2729 1
2730 1
2731 1
2732 1
2733 1
2734 1
2735 1
2736 1
2737 1
2738 1
2739 1
2740 1
2741 1
2742 1
2743 1
2744 1
2745 1
2746 1
2747 1
2748 1
2749 1
2750 1
2751 1
2752 1
2753 1
2754 1
2755 1
2756 1
2757 1
2758 1
2759 1
2760 1
2761 1
2762 1
2763 1
2764 1
2765 1
2766 1
2767 1
2768 1
2769 1
2770 1
2771 1
2772 1
2773 1
2774 1
2775 1
2776 1
2777 1
2778 1
2779 1
2780 1
2781 1
2782 1
2783 1
2784 1
2785 1
2786 1
2787 1
2788 1
2789 1
2790 1
2791 1
2792 1
2793 1
2794 1
2795 1
2796 1
2797 1
2798 1
2799 1
2800 1
2801 1
2802 1
2803 1
2804 1
2805 1
2806 1
2807 1
2808 1
2809 1
2810 1
2811 1
2812 1
2813 1
2814 1
2815 1
2816 1
2817 1
2818 1
2819 1
2820 1
2821 1
2822 1
2823 1
2824 1
2825 1
2826 1
2827 1
2828 1
2829 1
2830 1
2831 1
2832 1
2833 1
2834 1
2835 1
2836 1
2837 1
2838 1
2839 1
2840 1
2841 1
2842 1
2843 1
2844 1
2845 1
2846 1
2847 1
2848 1
2849 1
2850 1
2851 1
2852 1
2853 1
2854 1
2855 1
2856 1
2857 1
2858 1
2859 1
2860 1
2861 1
2862 1
2863 1
2864 1
2865 1
2866 1
2867 1
2868 1
2869 1
2870 1
2871 1
2872 1
2873 1
2874 1
2875 1
2876 1
2877 1
2878 1
2879 1
2880 1
2881 1
2882 1
2883 1
2884 1
2885 1
2886 1
2887 1
2888 1
2889 1
2890 1
2891 1
2892 1
2893 1
2894 1
2895 1
2896 1
2897 1
2898 1
2899 1
2900 1
2901 1
2902 1
2903 1
2904 1
2905 1
2906 1
2907 1
2908 1
2909 1
2910 1
2911 1
2912 1
2913 1
2914 1
2915 1
2916 1
2917 1
2918 1
2919 1
2920 1
2921 1
2922 1
2923 1
2924 1
2925 1
2926 1
2927 1
2928 1
2929 1
2930 1
2931 1
2932 1
2933 1
2934 1
2935 1
2936 1
2937 1
2938 1
2939 1
2940 1
2941 1
2942 1
2943 1
2944 1
2945 1
2946 1
2947 1
2948 1
2949 1
2950 1
2951 1
2952 1
2953 1
2954 1
2955 1
2956 1
2957 1
2958 1
2959 1
2960 1
2961 1
2962 1
2963 1
2964 1
2965 1
2966 1
2967 1
2968 1
2969 1
2970 1
2971 1
2972 1
2973 1
2974 1
2975 1
2976 1
2977 1
2978 1
2979 1
2980 1
2981 1
2982 1
2983 1
2984 1
2985 1
2986 1
2987 1
2988 1
2989 1
2990 1
2991 1
2992 1
2993 1
2994 1
2995 1
2996 1
2997 1
2998 1
2999 1
3000 1
3001 1
3002 1
3003 1
3004 1
3005 1
3006 1
3007 1
3008 1
3009 1
3010 1
3011 1
3012 1
3013 1
3014 1
3015 1
3016 1
3017 1
3018 1
3019 1
3020 1
3021 1
3022 1
3023 1
3024 1
3025 1
3026 1
3027 1
3028 1
3029 1
3030 1
3031 1
3032 1
3033 1
3034 1
3035 1
3036 1
3037 1
3038 1
3039 1
3040 1
3041 1
3042 1
3043 1
3044 1
3045 1
3046 1
3047 1
3048 1
3049 1
3050 1
3051 1
3052 1
3053 1
3054 1
3055 1
3056 1
3057 1
3058 1
3059 1
3060 1
3061 1
3062 1
3063 1
3064 1
3065 1
3066 1
3067 1
3068 1
3069 1
3070 1
3071 1
3072 1
3073 1
3074 1
3075 1
3076 1
3077 1
3078 1
3079 1
3080 1
3081 1
3082 1
3083 1
3084 1
3085 1
3086 1
3087 1
3088 1
3089 1
3090 1
3091 1
3092 1
3093 1
3094 1
3095 1
3096 1
3097 1
3098 1
3099 1
3100 1
3101 1
3102 1
3103 1
3104 1
3105 1
3106 1
3107 1
3108 1
3109 1
3110 1
3111 1
3112 1
3113 1
3114 1
3115 1
3116 1
3117 1
3118 1
3119 1
3120 1
3121 1
3122 1
3123 1
3124 1
3125 1
3126 1
3127 1
3128 1
3129 1
3130 1
3131 1
3132 1
3133 1
3134 1
3135 1
3136 1
3137 1
3138 1
3139 1
3140 1
3141 1
3142 1
3143 1
3144 1
3145 1
3146 1
3147 1
3148 1
3149 1
3150 1
3151 1
3152 1
3153 1
3154 1
3155 1
3156 1
3157 1
3158 1
3159 1
3160 1
3161 1
3162 1
3163 1
3164 1
3165 1
3166 1
3167 1
3168 1
3169 1
3170 1
3171 1
3172 1
3173 1
3174 1
3175 1
3176 1
3177 1
3178 1
3179 1
3180 1
3181 1
3182 1
3183 1
3184 1
3185 1
3186 1
3187 1
3188 1
3189 1
3190 1
3191 1
3192 1
3193 1
3194 1
3195 1
3196 1
3197 1
3198 1
3199 1
3200 1
3201 1
3202 1
3203 1
3204 1
3205 1
3206 1
3207 1
3208 1
3209 1
3210 1
3211 1
3212 1
3213 1
3214 1
3215 1
3216 1
3217 1
3218 1
3219 1
3220 1
3221 1
3222 1
3223 1
3224 1
3225 1
3226 1
3227 1
3228 1
3229 1
3230 1
3231 1
3232 1
3233 1
3234 1
3235 1
3236 1
3237 1
3238 1
3239 1
3240 1
3241 1
3242 1
3243 1
3244 1
3245 1
3246 1
3247 1
3248 1
3249 1
3250 1
3251 1
3252 1
3253 1
3254 1
3255 1
3256 1
3257 1
3258 1
3259 1
3260 1
3261 1
3262 1
3263 1
3264 1
3265 1
3266 1
3267 1
3268 1
3269 1
3270 1
3271 1
3272 1
3273 1
3274 1
3275 1
3276 1
3277 1
3278 1
3279 1
3280 1
3281 1
3282 1
3283 1
3284 1
3285 1
3286 1
3287 1
3288 1
3289 1
3290 1
3291 1
3292 1
3293 1
3294 1
3295 1
3296 1
3297 1
3298 1
3299 1
3300 1
3301 1
3302 1
3303 1
3304 1
3305 1
3306 1
3307 1
3308 1
3309 1
3310 1
3311 1
3312 1
3313 1
3314 1
3315 1
3316 1
3317 1
3318 1
3319 1
3320 1
3321 1
3322 1
3323 1
3324 1
3325 1
3326 1
3327 1
3328 1
3329 1
3330 1
3331 1
3332 1
3333 1
3334 1
3335 1
3336 1
3337 1
3338 1
3339 1
3340 1
3341 1
3342 1
3343 1
3344 1
3345 1
3346 1
3347 1
3348 1
3349 1
3350 1
3351 1
3352 1
3353 1
3354 1
3355 1
3356 1
3357 1
3358 1
3359 1
3360 1
3361 1
3362 1
3363 1
3364 1
3365 1
3366 1
3367 1
3368 1
3369 1
3370 1
3371 1
3372 1
3373 1
3374 1
3375 1
3376 1
3377 1
3378 1
3379 1
3380 1
3381 1
3382 1
3383 1
3384 1
3385 1
3386 1
3387 1
3388 1
3389 1
3390 1
3391 1
3392 1
3393 1
3394 1
3395 1
3396 1
3397 1
3398 1
3399 1
3400 1
3401 1
3402 1
3403 1
3404 1
3405 1
3406 1
3407 1
3408 1
3409 1
3410 1
3411 1
3412 1
3413 1
3414 1
3415 1
3416 1
3417 1
3418 1
3419 1
3420 1
3421 1
3422 1
3423 1
3424 1
3425 1
3426 1
3427 1
3428 1
3429 1
3430 1
3431 1
3432 1
3433 1
3434 1
3435 1
3436 1
3437 1
3438 1
3439 1
3440 1
3441 1
3442 1
3443 1
3444 1
3445 1
3446 1
3447 1
3448 1
3449 1
3450 1
3451 1
3452 1
3453 1
3454 1
3455 1
3456 1
3457 1
3458 1
3459 1
3460 1
3461 1
3462 1
3463 1
3464 1
3465 1
3466 1
3467 1
3468 1
3469 1
3470 1
3471 1
3472 1
3473 1
3474 1
3475 1
3476 1
3477 1
3478 1
3479 1
3480 1
3481 1
3482 1
3483 1
3484 1
3485 1
3486 1
3487 1
3488 1
3489 1
3490 1
3491 1
3492 1
3493 1
3494 1
3495 1
3496 1
3497 1
3498 1
3499 1
3500 1
3501 1
3502 1
3503 1
3504 1
3505 1
3506 1
3507 1
3508 1
3509 1
3510 1
3511 1
3512 1
3513 1
3514 1
3515 1
3516 1
3517 1
3518 1
3519 1
3520 1
3521 1
3522 1
3523 1
3524 1
3525 1
3526 1
3527 1
3528 1
3529 1
3530 1
3531 1
3532 1
3533 1
3534 1
3535 1
3536 1
3537 1
3538 1
3539 1
3540 1
3541 1
3542 1
3543 1
3544 1
3545 1
3546 1
3547 1
3548 1
3549 1
3550 1
3551 1
3552 1
3553 1
3554 1
3555 1
3556 1
3557 1
3558 1
3559 1
3560 1
3561 1
3562 1
3563 1
3564 1
3565 1
3566 1
3567 1
3568 1
3569 1
3570 1
3571 1
3572 1
3573 1
3574 1
3575 1
3576 1
3577 1
3578 1
3579 1
3580 1
3581 1
3582 1
3583 1
3584 1
3585 1
3586 1
3587 1
3588 1
3589 1
3590 1
3591 1
3592 1
3593 1
3594 1
3595 1
3596 1
3597 1
3598 1
3599 1
3600 1
3601 1
3602 1
3603 1
3604 1
3605 1
3606 1
3607 1
3608 1
3609 1
3610 1
3611 1
3612 1
3613 1
3614 1
3615 1
3616 1
3617 1
3618 1
3619 1
3620 1
3621 1
3622 1
3623 1
3624 1
3625 1
3626 1
3627 1
3628 1
3629 1
3630 1
3631 1
3632 1
3633 1
3634 1
3635 1
3636 1
3637 1
3638 1
3639 1
3640 1
3641 1
3642 1
3643 1
3644 1
3645 1
3646 1
3647 1
3648 1
3649 1
3650 1
3651 1
3652 1
3653 1
3654 1
3655 1
3656 1
3657 1
3658 1
3659 1
3660 1
3661 1
3662 1
3663 1
3664 1
3665 1
3666 1
3667 1
3668 1
3669 1
3670 1
3671 1
3672 1
3673 1
3674 1
3675 1
3676 1
3677 1
3678 1
3679 1
3680 1
3681 1
3682 1
3683 1
3684 1
3685 1
3686 1
3687 1
3688 1
3689 1
3690 1
3691 1
3692 1
3693 1
3694 1
3695 1
3696 1
3697 1
3698 1
3699 1
3700 1
3701 1
3702 1
3703 1
3704 1
3705 1
3706 1
3707 1
3708 1
3709 1
3710 1
3711 1
3712 1
3713 1
3714 1
3715 1
3716 1
3717 1
3718 1
3719 1
3720 1
3721 1
3722 1
3723 1
3724 1
3725 1
3726 1
3727 1
3728 1
3729 1
3730 1
3731 1
3732 1
3733 1
3734 1
3735 1
3736 1
3737 1
3738 1
3739 1
3740 1
3741 1
3742 1
3743 1
3744 1
3745 1
3746 1
3747 1
3748 1
3749 1
3750 1
3751 1
3752 1
3753 1
3754 1
3755 1
3756 1
3757 1
3758 1
3759 1
3760 1
3761 1
3762 1
3763 1
3764 1
3765 1
3766 1
3767 1
3768 1
3769 1
3770 1
3771 1
3772 1
3773 1
3774 1
3775 1
3776 1
3777 1
3778 1
3779 1
3780 1
3781 1
3782 1
3783 1
3784 1
3785 1
3786 1
3787 1
3788 1
3789 1
3790 1
3791 1
3792 1
3793 1
3794 1
3795 1
3796 1
3797 1
3798 1
3799 1
3800 1
3801 1
3802 1
3803 1
3804 1
3805 1
3806 1
3807 1
3808 1
3809 1
3810 1
3811 1
3812 1
3813 1
3814 1
3815 1
3816 1
3817 1
3818 1
3819 1
3820 1
3821 1
3822 1
3823 1
3824 1
3825 1
3826 1
3827 1
3828 1
3829 1
3830 1
3831 1
3832 1
3833 1
3834 1
3835 1
3836 1
3837 1
3838 1
3839 1
3840 1
3841 1
3842 1
3843 1
3844 1
3845 1
3846 1
3847 1
3848 1
3849 1
3850 1
3851 1
3852 1
3853 1
3854 1
3855 1
3856 1
3857 1
3858 1
3859 1
3860 1
3861 1
3862 1
3863 1
3864 1
3865 1
3866 1
3867 1
3868 1
3869 1
3870 1
3871 1
3872 1
3873 1
3874 1
3875 1
3876 1
3877 1
3878 1
3879 1
3880 1
3881 1
3882 1
3883 1
3884 1
3885 1
3886 1
3887 1
3888 1
3889 1
3890 1
3891 1
3892 1
3893 1
3894 1
3895 1
3896 1
3897 1
3898 1
3899 1
3900 1
3901 1
3902 1
3903 1
3904 1
3905 1
3906 1
3907 1
3908 1
3909 1
3910 1
3911 1
3912 1
3913 1
3914 1
3915 1
3916 1
3917 1
3918 1
3919 1
3920 1
3921 1
3922 1
3923 1
3924 1
3925 1
3926 1
3927 1
3928 1
3929 1
3930 1
3931 1
3932 1
3933 1
3934 1
3935 1
3936 1
3937 1
3938 1
3939 1
3940 1
3941 1
3942 1
3943 1
3944 1
3945 1
3946 1
3947 1
3948 1
3949 1
3950 1
3951 1
3952 1
3953 1
3954 1
3955 1
3956 1
3957 1
3958 1
3959 1
3960 1
3961 1
3962 1
3963 1
3964 1
3965 1
3966 1
3967 1
3968 1
3969 1
3970 1
3971 1
3972 1
3973 1
3974 1
3975 1
3976 1
3977 1
3978 1
3979 1
3980 1
3981 1
3982 1
3983 1
3984 1
3985 1
3986 1
3987 1
3988 1
3989 1
3990 1
3991 1
3992 1
3993 1
3994 1
3995 1
3996 1
3997 1
3998 1
3999 1
4000 1
4001
S 1 15
1 2 18
2 3 16
3 4 3
4 5 18
5 6 6
6 7 12
7 8 9
8 9 3
9 10 6
10 11 8
11 12 11
12 13 19
13 14 6
14 15 5
15 16 20
16 17 3
17 18 12
18 19 1
19 20 10
20 21 19
21 22 17
22 23 4
23 24 8
24 25 12
25 26 1
26 27 3
27 28 16
28 29 4
29 30 14
30 31 15
31 32 10
32 33 16
33 34 14
34 35 10
35 36 7
36 37 2
37 38 6
38 39 2
39 40 7
40 41 2
41 42 14
42 43 17
43 44 3
44 45 5
45 46 10
46 47 5
47 48 17
48 49 4
49 50 1
50 51 8
51 52 5
52 53 3
53 54 10
54 55 20
55 56 7
56 57 10
57 58 19
58 59 8
59 60 16
60 61 17
61 62 2
62 63 11
63 64 19
64 65 17
65 66 12
66 67 16
67 68 4
68 69 12
69 70 4
70 71 1
71 72 16
72 73 7
73 74 4
74 75 1
75 76 7
76 77 18
77 78 10
78 79 3
79 80 20
80 81 12
81 82 11
82 83 9
83 84 3
84 85 6
85 86 19
86 87 13
87 88 4
88 89 14
89 90 9
90 91 8
91 92 20
92 93 18
93 94 10
94 95 14
95 96 1
96 97 12
97 98 11
98 99 6
99 100 1
100 101 13
101 102 14
102 103 1
103 104 19
104 105 5
105 106 10
106 107 3
107 108 14
108 109 15
109 110 14
110 111 17
111 112 6
112 113 4
113 114 19
114 115 9
115 116 5
116 117 3
117 118 6
118 119 18
119 120 7
120 121 20
121 122 2
122 123 9
123 124 17
124 125 15
125 126 12
126 127 4
127 128 9
128 129 5
129 130 18
130 131 8
131 132 2
132 133 16
133 134 15
134 135 13
135 136 9
136 137 5
137 138 20
138 139 5
139 140 4
140 141 10
141 142 6
142 143 11
143 144 4
144 145 7
145 146 9
146 147 12
147 148 17
148 149 16
149 150 3
150 151 4
151 152 5
152 153 14
153 154 4
154 155 6
155 156 6
156 157 11
157 158 16
158 159 8
159 160 20
160 161 9
161 162 11
162 163 14
163 164 6
164 165 4
165 166 8
166 167 16
167 168 18
168 169 19
169 170 2
170 171 2
171 172 17
172 173 3
173 174 15
174 175 11
175 176 6
176 177 13
177 178 14
178 179 6
179 180 11
180 181 3
181 182 9
182 183 6
183 184 12
184 185 13
185 186 9
186 187 7
187 188 18
188 189 5
189 190 16
190 191 13
191 192 2
192 193 18
193 194 9
194 195 15
195 196 1
196 197 10
197 198 2
198 199 10
199 200 20
200 201 12
201 202 13
202 203 19
203 204 8
204 205 10
205 206 16
206 207 17
207 208 3
208 209 19
209 210 20
210 211 1
211 212 3
212 213 19
213 214 16
214 215 6
215 216 20
216 217 14
217 218 10
218 219 4
219 220 17
220 221 19
221 222 7
222 223 7
223 224 2
224 225 12
225 226 10
226 227 12
227 228 20
228 229 16
229 230 5
230 231 18
231 232 12
232 233 18
233 234 2
234 235 12
235 236 6
236 237 6
237 238 3
238 239 12
239 240 11
240 241 12
241 242 13
242 243 2
243 244 7
244 245 13
245 246 4
246 247 17
247 248 16
248 249 4
249 250 9
250 251 4
251 252 1
252 253 4
253 254 6
254 255 20
255 256 11
256 257 2
257 258 19
258 259 5
259 260 20
260 261 6
261 262 3
262 263 4
263 264 13
264 265 6
265 266 1
266 267 18
267 268 7
268 269 14
269 270 16
270 271 13
271 272 16
272 273 10
273 274 12
274 275 6
275 276 8
276 277 3
277 278 2
278 279 11
279 280 18
280 281 20
281 282 11
282 283 9
283 284 6
284 285 12
285 286 16
286 287 7
287 288 16
288 289 17
289 290 12
290 291 19
291 292 14
292 293 20
293 294 12
294 295 5
295 296 17
296 297 5
297 298 5
298 299 17
299 300 13
300 301 10
301 302 10
302 303 14
303 304 11
304 305 8
305 306 5
306 307 13
307 308 9
308 309 13
309 310 11
310 311 14
311 312 5
312 313 14
313 314 3
314 315 3
315 316 10
316 317 1
317 318 10
318 319 15
319 320 9
320 321 4
321 322 16
322 323 17
323 324 10
324 325 10
325 326 15
326 327 13
327 328 4
328 329 4
329 330 9
330 331 12
331 332 13
332 333 11
333 334 16
334 335 18
335 336 1
336 337 11
337 338 8
338 339 19
339 340 17
340 341 19
341 342 2
342 343 12
343 344 20
344 345 2
345 346 12
346 347 4
347 348 17
348 349 18
349 350 16
350 351 10
351 352 15
352 353 8
353 354 9
354 355 12
355 356 9
356 357 9
357 358 20
358 359 8
359 360 6
360 361 11
361 362 10
362 363 18
363 364 18
364 365 9
365 366 15
366 367 4
367 368 8
368 369 17
369 370 15
370 371 9
371 372 18
372 373 5
373 374 9
374 375 16
375 376 15
376 377 20
377 378 16
378 379 4
379 380 3
380 381 4
381 382 5
382 383 3
383 384 16
384 385 14
385 386 5
386 387 8
387 388 9
388 389 2
389 390 2
390 391 15
391 392 16
392 393 20
393 394 13
394 395 4
395 396 18
396 397 1
397 398 9
398 399 3
399 400 1
400 401 3
401 402 14
402 403 8
403 404 7
404 405 7
405 406 9
406 407 8
407 408 11
408 409 19
409 410 17
410 411 1
411 412 1
412 413 14
413 414 20
414 415 19
415 416 8
416 417 10
417 418 12
418 419 17
419 420 1
420 421 13
421 422 14
422 423 12
423 424 9
424 425 11
425 426 4
426 427 18
427 428 3
428 429 6
429 430 12
430 431 15
431 432 15
432 433 5
433 434 13
434 435 20
435 436 5
436 437 4
437 438 1
438 439 2
439 440 14
440 441 3
441 442 18
442 443 6
443 444 1
444 445 18
445 446 10
446 447 6
447 448 5
448 449 5
449 450 8
450 451 9
451 452 5
452 453 15
453 454 7
454 455 20
455 456 6
456 457 11
457 458 1
458 459 8
459 460 2
460 461 13
461 462 20
462 463 9
463 464 8
464 465 3
465 466 7
466 467 9
467 468 3
468 469 15
469 470 20
470 471 2
471 472 17
472 473 5
473 474 13
474 475 8
475 476 8
476 477 4
477 478 3
478 479 2
479 480 13
480 481 18
481 482 9
482 483 3
483 484 7
484 485 1
485 486 18
486 487 11
487 488 18
488 489 1
489 490 14
490 491 15
491 492 18
492 493 7
493 494 8
494 495 19
495 496 2
496 497 18
497 498 6
498 499 19
499 500 6
500 501 20
501 502 10
502 503 4
503 504 4
504 505 9
505 506 10
506 507 8
507 508 15
508 509 20
509 510 16
510 511 7
511 512 4
512 513 1
513 514 18
514 515 10
515 516 14
516 517 18
517 518 3
518 519 5
519 520 6
520 521 20
521 522 9
522 523 15
523 524 4
524 525 9
525 526 14
526 527 11
527 528 5
528 529 12
529 530 17
530 531 2
531 532 7
532 533 5
533 534 11
534 535 18
535 536 4
536 537 19
537 538 12
538 539 10
539 540 11
540 541 9
541 542 3
542 543 17
543 544 2
544 545 7
545 546 5
546 547 9
547 548 2
548 549 11
549 550 10
550 551 19
551 552 6
552 553 9
553 554 2
554 555 13
555 556 19
556 557 10
557 558 14
558 559 12
559 560 6
560 561 12
561 562 17
562 563 13
563 564 20
564 565 12
565 566 12
566 567 17
567 568 13
568 569 6
569 570 5
570 571 16
571 572 18
572 573 1
573 574 14
574 575 5
575 576 16
576 577 7
577 578 5
578 579 17
579 580 12
580 581 19
581 582 11
582 583 8
583 584 17
584 585 2
585 586 10
586 587 7
587 588 9
588 589 8
589 590 3
590 591 4
591 592 19
592 593 15
593 594 17
594 595 18
595 596 19
596 597 18
597 598 20
598 599 2
599 600 13
600 601 18
601 602 2
602 603 5
603 604 10
604 605 2
605 606 8
606 607 2
607 608 6
608 609 5
609 610 14
610 611 4
611 612 17
612 613 5
613 614 18
614 615 15
615 616 3
616 617 13
617 618 12
618 619 8
619 620 5
620 621 18
621 622 20
622 623 14
623 624 1
624 625 6
625 626 9
626 627 20
627 628 17
628 629 3
629 630 3
630 631 15
631 632 14
632 633 12
633 634 17
634 635 7
635 636 14
636 637 15
637 638 19
638 639 12
639 640 7
640 641 9
641 642 19
642 643 3
643 644 6
644 645 1
645 646 10
646 647 10
647 648 2
648 649 8
649 650 13
650 651 2
651 652 17
652 653 4
653 654 12
654 655 10
655 656 9
656 657 14
657 658 3
658 659 1
659 660 20
660 661 18
661 662 18
662 663 15
663 664 3
664 665 1
665 666 13
666 667 20
667 668 8
668 669 20
669 670 2
670 671 20
671 672 17
672 673 8
673 674 6
674 675 15
675 676 16
676 677 11
677 678 16
678 679 6
679 680 12
680 681 14
681 682 10
682 683 16
683 684 17
684 685 15
685 686 13
686 687 7
687 688 13
688 689 6
689 690 1
690 691 1
691 692 15
692 693 16
693 694 20
694 695 6
695 696 15
696 697 12
697 698 3
698 699 8
699 700 1
700 701 1
701 702 15
702 703 17
703 704 11
704 705 1
705 706 14
706 707 9
707 708 17
708 709 11
709 710 6
710 711 7
711 712 20
712 713 3
713 714 15
714 715 17
715 716 9
716 717 2
717 718 12
718 719 19
719 720 8
720 721 16
721 722 18
722 723 15
723 724 11
724 725 17
725 726 16
726 727 1
727 728 16
728 729 5
729 730 5
730 731 13
731 732 15
732 733 14
733 734 3
734 735 12
735 736 19
736 737 5
737 738 13
738 739 1
739 740 2
740 741 16
741 742 7
742 743 4
743 744 16
744 745 2
745 746 12
746 747 4
747 748 18
748 749 15
749 750 4
750 751 3
751 752 12
752 753 12
753 754 20
754 755 10
755 756 4
756 757 8
757 758 11
758 759 1
759 760 19
760 761 6
761 762 1
762 763 4
763 764 12
764 765 18
765 766 13
766 767 4
767 768 14
768 769 15
769 770 17
770 771 7
771 772 4
772 773 20
773 774 16
774 775 1
775 776 9
776 777 12
777 778 3
778 779 14
779 780 9
780 781 4
781 782 13
782 783 1
783 784 9
784 785 10
785 786 19
786 787 8
787 788 17
788 789 7
789 790 8
790 791 8
791 792 1
792 793 8
793 794 19
794 795 5
795 796 20
796 797 19
797 798 6
798 799 18
799 800 5
800 801 6
801 802 5
802 803 1
803 804 7
804 805 17
805 806 13
806 807 13
807 808 16
808 809 3
809 810 9
810 811 3
811 812 9
812 813 11
813 814 14
814 815 19
815 816 17
816 817 14
817 818 2
818 819 1
819 820 16
820 821 6
821 822 6
822 823 18
823 824 13
824 825 4
825 826 12
826 827 4
827 828 13
828 829 2
829 830 4
830 831 7
831 832 13
832 833 10
833 834 16
834 835 13
835 836 7
836 837 11
837 838 10
838 839 1
839 840 3
840 841 20
841 842 3
842 843 15
843 844 1
844 845 7
845 846 20
846 847 2
847 848 10
848 849 5
849 850 10
850 851 6
851 852 9
852 853 8
853 854 18
854 855 14
855 856 1
856 857 15
857 858 18
858 859 18
859 860 1
860 861 19
861 862 17
862 863 11
863 864 8
864 865 2
865 866 10
866 867 17
867 868 4
868 869 16
869 870 20
870 871 15
871 872 7
872 873 9
873 874 14
874 875 6
875 876 13
876 877 10
877 878 14
878 879 19
879 880 14
880 881 3
881 882 16
882 883 2
883 884 3
884 885 20
885 886 10
886 887 12
887 888 12
888 889 19
889 890 7
890 891 7
891 892 12
892 893 7
893 894 18
894 895 19
895 896 14
896 897 3
897 898 20
898 899 20
899 900 6
900 901 14
901 902 14
902 903 2
903 904 9
904 905 8
905 906 14
906 907 20
907 908 20
908 909 11
909 910 7
910 911 8
911 912 13
912 913 9
913 914 4
914 915 7
915 916 7
916 917 10
917 918 5
918 919 16
919 920 8
920 921 10
921 922 14
922 923 4
923 924 5
924 925 1
925 926 13
926 927 14
927 928 12
928 929 16
929 930 10
930 931 10
931 932 20
932 933 19
933 934 3
934 935 20
935 936 6
936 937 5
937 938 11
938 939 8
939 940 4
940 941 6
941 942 5
942 943 2
943 944 12
944 945 15
945 946 5
946 947 14
947 948 16
948 949 5
949 950 6
950 951 1
951 952 16
952 953 11
953 954 13
954 955 17
955 956 8
956 957 17
957 958 7
958 959 11
959 960 1
960 961 9
961 962 19
962 963 13
963 964 20
964 965 16
965 966 2
966 967 2
967 968 19
968 969 10
969 970 2
970 971 8
971 972 4
972 973 9
973 974 7
974 975 1
975 976 9
976 977 14
977 978 1
978 979 20
979 980 7
980 981 4
981 982 11
982 983 3
983 984 9
984 985 19
985 986 7
986 987 18
987 988 20
988 989 16
989 990 15
990 991 17
991 992 6
992 993 10
993 994 8
994 995 1
995 996 1
996 997 15
997 998 14
998 999 17
999 1000 9
1000 1001 6
1001 1002 1
1002 1003 16
1003 1004 2
1004 1005 1
1005 1006 8
1006 1007 3
1007 1008 1
1008 1009 19
1009 1010 14
1010 1011 10
1011 1012 8
1012 1013 3
1013 1014 10
1014 1015 1
1015 1016 8
1016 1017 14
1017 1018 9
1018 1019 14
1019 1020 10
1020 1021 9
1021 1022 14
1022 1023 11
1023 1024 3
1024 1025 19
1025 1026 6
1026 1027 2
1027 1028 1
1028 1029 14
1029 1030 14
1030 1031 12
1031 1032 5
1032 1033 4
1033 1034 7
1034 1035 8
1035 1036 15
1036 1037 3
1037 1038 16
1038 1039 19
1039 1040 13
1040 1041 12
1041 1042 18
1042 1043 3
1043 1044 20
1044 1045 5
1045 1046 18
1046 1047 19
1047 1048 10
1048 1049 10
1049 1050 1
1050 1051 1
1051 1052 9
1052 1053 2
1053 1054 16
1054 1055 2
1055 1056 7
1056 1057 18
1057 1058 1
1058 1059 6
1059 1060 10
1060 1061 18
1061 1062 4
1062 1063 6
1063 1064 6
1064 1065 6
1065 1066 19
1066 1067 14
1067 1068 13
1068 1069 18
1069 1070 14
1070 1071 10
1071 1072 7
1072 1073 13
1073 1074 15
1074 1075 15
1075 1076 12
1076 1077 12
1077 1078 7
1078 1079 15
1079 1080 15
1080 1081 18
1081 1082 11
1082 1083 15
1083 1084 6
1084 1085 6
1085 1086 4
1086 1087 20
1087 1088 17
1088 1089 4
1089 1090 12
1090 1091 16
1091 1092 6
1092 1093 4
1093 1094 4
1094 1095 5
1095 1096 18
1096 1097 6
1097 1098 17
1098 1099 15
1099 1100 6
1100 1101 1
1101 1102 13
1102 1103 19
1103 1104 2
1104 1105 11
1105 1106 3
1106 1107 1
1107 1108 18
1108 1109 14
1109 1110 19
1110 1111 5
1111 1112 20
1112 1113 10
1113 1114 6
1114 1115 9
1115 1116 7
1116 1117 7
1117 1118 4
1118 1119 8
1119 1120 16
1120 1121 10
1121 1122 17
1122 1123 8
1123 1124 2
1124 1125 2
1125 1126 6
1126 1127 12
1127 1128 8
1128 1129 5
1129 1130 13
1130 1131 2
1131 1132 1
1132 1133 1
1133 1134 18
1134 1135 8
1135 1136 1
1136 1137 10
1137 1138 13
1138 1139 15
1139 1140 17
1140 1141 18
1141 1142 16
1142 1143 18
1143 1144 12
1144 1145 2
1145 1146 9
1146 1147 8
1147 1148 11
1148 1149 9
1149 1150 18
1150 1151 14
1151 1152 17
1152 1153 5
1153 1154 7
1154 1155 2
1155 1156 1
1156 1157 17
1157 1158 5
1158 1159 16
1159 1160 12
1160 1161 16
1161 1162 10
1162 1163 20
1163 1164 1
1164 1165 8
1165 1166 4
1166 1167 9
1167 1168 6
1168 1169 20
1169 1170 3
1170 1171 2
1171 1172 15
1172 1173 10
1173 1174 19
1174 1175 3
1175 1176 13
1176 1177 14
1177 1178 6
1178 1179 18
1179 1180 16
1180 1181 19
1181 1182 18
1182 1183 12
1183 1184 2
1184 1185 2
1185 1186 2
1186 1187 14
1187 1188 2
1188 1189 17
1189 1190 7
1190 1191 2
1191 1192 11
1192 1193 15
1193 1194 6
1194 1195 13
1195 1196 6
1196 1197 13
1197 1198 4
1198 1199 13
1199 1200 4
1200 1201 18
1201 1202 16
1202 1203 6
1203 1204 12
1204 1205 10
1205 1206 2
1206 1207 19
1207 1208 2
1208 1209 17
1209 1210 19
1210 1211 5
1211 1212 16
1212 1213 16
1213 1214 6
1214 1215 1
1215 1216 1
1216 1217 3
1217 1218 1
1218 1219 7
1219 1220 14
1220 1221 6
1221 1222 3
1222 1223 9
1223 1224 13
1224 1225 10
1225 1226 8
1226 1227 19
1227 1228 6
1228 1229 9
1229 1230 13
1230 1231 12
1231 1232 9
1232 1233 6
1233 1234 14
1234 1235 1
1235 1236 19
1236 1237 8
1237 1238 2
1238 1239 19
1239 1240 14
1240 1241 17
1241 1242 16
1242 1243 17
1243 1244 12
1244 1245 18
1245 1246 3
1246 1247 9
1247 1248 11
1248 1249 14
1249 1250 18
1250 1251 19
1251 1252 7
1252 1253 5
1253 1254 8
1254 1255 11
1255 1256 6
1256 1257 19
1257 1258 10
1258 1259 17
1259 1260 13
1260 1261 9
1261 1262 6
1262 1263 6
1263 1264 10
1264 1265 4
1265 1266 16
1266 1267 14
1267 1268 19
1268 1269 3
1269 1270 7
1270 1271 7
1271 1272 16
1272 1273 2
1273 1274 17
1274 1275 20
1275 1276 20
1276 1277 12
1277 1278 19
1278 1279 10
1279 1280 17
1280 1281 15
1281 1282 16
1282 1283 19
1283 1284 17
1284 1285 20
1285 1286 1
1286 1287 5
1287 1288 5
1288 1289 16
1289 1290 6
1290 1291 5
1291 1292 3
1292 1293 9
1293 1294 10
1294 1295 4
1295 1296 5
1296 1297 19
1297 1298 17
1298 1299 5
1299 1300 16
1300 1301 4
1301 1302 7
1302 1303 14
1303 1304 13
1304 1305 2
1305 1306 7
1306 1307 12
1307 1308 1
1308 1309 9
1309 1310 13
1310 1311 4
1311 1312 7
1312 1313 11
1313 1314 3
1314 1315 12
1315 1316 2
1316 1317 8
1317 1318 11
1318 1319 18
1319 1320 3
1320 1321 7
1321 1322 19
1322 1323 4
1323 1324 12
1324 1325 2
1325 1326 1
1326 1327 8
1327 1328 9
1328 1329 2
1329 1330 5
1330 1331 15
1331 1332 2
1332 1333 14
1333 1334 1
1334 1335 7
1335 1336 8
1336 1337 13
1337 1338 16
1338 1339 9
1339 1340 8
1340 1341 6
1341 1342 3
1342 1343 11
1343 1344 12
1344 1345 9
1345 1346 4
1346 1347 10
1347 1348 8
1348 1349 15
1349 1350 9
1350 1351 16
1351 1352 16
1352 1353 7
1353 1354 2
1354 1355 10
1355 1356 13
1356 1357 4
1357 1358 5
1358 1359 1
1359 1360 10
1360 1361 1
1361 1362 6
1362 1363 5
1363 1364 2
1364 1365 6
1365 1366 10
1366 1367 2
1367 1368 11
1368 1369 16
1369 1370 14
1370 1371 14
1371 1372 4
1372 1373 6
1373 1374 1
1374 1375 20
1375 1376 11
1376 1377 17
1377 1378 19
1378 1379 10
1379 1380 6
1380 1381 14
1381 1382 5
1382 1383 3
1383 1384 5
1384 1385 8
1385 1386 7
1386 1387 14
1387 1388 16
1388 1389 16
1389 1390 6
1390 1391 16
1391 1392 9
1392 1393 4
1393 1394 18
1394 1395 7
1395 1396 14
1396 1397 2
1397 1398 9
1398 1399 12
1399 1400 7
1400 1401 15
1401 1402 1
1402 1403 2
1403 1404 7
1404 1405 12
1405 1406 6
1406 1407 1
1407 1408 19
1408 1409 17
1409 1410 17
1410 1411 15
1411 1412 2
1412 1413 2
1413 1414 10
1414 1415 1
1415 1416 3
1416 1417 6
1417 1418 6
1418 1419 20
1419 1420 19
1420 1421 5
1421 1422 15
1422 1423 11
1423 1424 14
1424 1425 7
1425 1426 17
1426 1427 20
1427 1428 16
1428 1429 19
1429 1430 11
1430 1431 10
1431 1432 4
1432 1433 17
1433 1434 16
1434 1435 7
1435 1436 18
1436 1437 17
1437 1438 16
1438 1439 7
1439 1440 19
1440 1441 3
1441 1442 2
1442 1443 4
1443 1444 19
1444 1445 4
1445 1446 20
1446 1447 19
1447 1448 14
1448 1449 14
1449 1450 18
1450 1451 9
1451 1452 11
1452 1453 6
1453 1454 7
1454 1455 15
1455 1456 8
1456 1457 9
1457 1458 6
1458 1459 1
1459 1460 11
1460 1461 14
1461 1462 17
1462 1463 18
1463 1464 7
1464 1465 17
1465 1466 11
1466 1467 20
1467 1468 13
1468 1469 14
1469 1470 20
1470 1471 19
1471 1472 14
1472 1473 5
1473 1474 12
1474 1475 9
1475 1476 19
1476 1477 18
1477 1478 1
1478 1479 9
1479 1480 20
1480 1481 18
1481 1482 15
1482 1483 3
1483 1484 20
1484 1485 7
1485 1486 8
1486 1487 2
1487 1488 17
1488 1489 3
1489 1490 12
1490 1491 10
1491 1492 18
1492 1493 10
1493 1494 4
1494 1495 6
1495 1496 20
1496 1497 7
1497 1498 15
1498 1499 14
1499 1500 5
1500 1501 9
1501 1502 13
1502 1503 6
1503 1504 10
1504 1505 18
1505 1506 2
1506 1507 18
1507 1508 17
1508 1509 15
1509 1510 5
1510 1511 6
1511 1512 5
1512 1513 4
1513 1514 14
1514 1515 18
1515 1516 1
1516 1517 15
1517 1518 17
1518 1519 13
1519 1520 7
1520 1521 2
1521 1522 5
1522 1523 1
1523 1524 13
1524 1525 20
1525 1526 16
1526 1527 6
1527 1528 8
1528 1529 1
1529 1530 11
1530 1531 14
1531 1532 5
1532 1533 18
1533 1534 10
1534 1535 7
1535 1536 15
1536 1537 3
1537 1538 2
1538 1539 20
1539 1540 11
1540 1541 2
1541 1542 11
1542 1543 12
1543 1544 13
1544 1545 4
1545 1546 7
1546 1547 14
1547 1548 3
1548 1549 4
1549 1550 19
1550 1551 14
1551 1552 2
1552 1553 9
1553 1554 14
1554 1555 15
1555 1556 1
1556 1557 9
1557 1558 17
1558 1559 10
1559 1560 17
1560 1561 3
1561 1562 15
1562 1563 4
1563 1564 18
1564 1565 2
1565 1566 7
1566 1567 14
1567 1568 17
1568 1569 17
1569 1570 14
1570 1571 5
1571 1572 11
1572 1573 9
1573 1574 6
1574 1575 16
1575 1576 4
1576 1577 17
1577 1578 15
1578 1579 13
1579 1580 20
1580 1581 20
1581 1582 3
1582 1583 10
1583 1584 7
1584 1585 18
1585 1586 14
1586 1587 4
1587 1588 2
1588 1589 12
1589 1590 3
1590 1591 9
1591 1592 20
1592 1593 5
1593 1594 5
1594 1595 11
1595 1596 16
1596 1597 8
1597 1598 12
1598 1599 13
1599 1600 19
1600 1601 8
1601 1602 17
1602 1603 10
1603 1604 11
1604 1605 5
1605 1606 16
1606 1607 11
1607 1608 15
1608 1609 18
1609 1610 14
1610 1611 20
1611 1612 16
1612 1613 15
1613 1614 6
1614 1615 5
1615 1616 4
1616 1617 11
1617 1618 10
1618 1619 20
1619 1620 1
1620 1621 1
1621 1622 9
1622 1623 7
1623 1624 18
1624 1625 12
1625 1626 5
1626 1627 9
1627 1628 6
1628 1629 19
1629 1630 8
1630 1631 6
1631 1632 9
1632 1633 20
1633 1634 8
1634 1635 19
1635 1636 18
1636 1637 4
1637 1638 1
1638 1639 16
1639 1640 3
1640 1641 15
1641 1642 4
1642 1643 9
1643 1644 18
1644 1645 16
1645 1646 9
1646 1647 16
1647 1648 13
1648 1649 16
1649 1650 17
1650 1651 3
1651 1652 18
1652 1653 8
1653 1654 7
1654 1655 13
1655 1656 7
1656 1657 17
1657 1658 10
1658 1659 10
1659 1660 12
1660 1661 19
1661 1662 9
1662 1663 19
1663 1664 10
1664 1665 18
1665 1666 20
1666 1667 6
1667 1668 7
1668 1669 17
1669 1670 8
1670 1671 15
1671 1672 2
1672 1673 2
1673 1674 7
1674 1675 18
1675 1676 13
1676 1677 3
1677 1678 7
1678 1679 4
1679 1680 5
1680 1681 20
1681 1682 6
1682 1683 2
1683 1684 5
1684 1685 12
1685 1686 7
1686 1687 3
1687 1688 17
1688 1689 18
1689 1690 2
1690 1691 19
1691 1692 19
1692 1693 9
1693 1694 19
1694 1695 1
1695 1696 16
1696 1697 13
1697 1698 1
1698 1699 12
1699 1700 7
1700 1701 1
1701 1702 8
1702 1703 13
1703 1704 19
1704 1705 16
1705 1706 18
1706 1707 5
1707 1708 10
1708 1709 17
1709 1710 10
1710 1711 14
1711 1712 2
1712 1713 7
1713 1714 6
1714 1715 8
1715 1716 16
1716 1717 8
1717 1718 15
1718 1719 6
1719 1720 9
1720 1721 1
1721 1722 19
1722 1723 11
1723 1724 3
1724 1725 3
1725 1726 16
1726 1727 5
1727 1728 18
1728 1729 5
1729 1730 15
1730 1731 20
1731 1732 2
1732 1733 14
1733 1734 5
1734 1735 7
1735 1736 10
1736 1737 5
1737 1738 8
1738 1739 4
1739 1740 9
1740 1741 7
1741 1742 13
1742 1743 6
1743 1744 7
1744 1745 13
1745 1746 13
1746 1747 19
1747 1748 10
1748 1749 6
1749 1750 18
1750 1751 2
1751 1752 12
1752 1753 11
1753 1754 1
1754 1755 1
1755 1756 1
1756 1757 11
1757 1758 10
1758 1759 2
1759 1760 11
1760 1761 12
1761 1762 19
1762 1763 11
1763 1764 16
1764 1765 1
1765 1766 3
1766 1767 11
1767 1768 8
1768 1769 16
1769 1770 7
1770 1771 18
1771 1772 9
1772 1773 3
1773 1774 16
1774 1775 15
1775 1776 18
1776 1777 2
1777 1778 14
1778 1779 9
1779 1780 14
1780 1781 1
1781 1782 9
1782 1783 15
1783 1784 13
1784 1785 8
1785 1786 11
1786 1787 17
1787 1788 16
1788 1789 18
1789 1790 4
1790 1791 20
1791 1792 16
1792 1793 16
1793 1794 5
1794 1795 19
1795 1796 17
1796 1797 9
1797 1798 16
1798 1799 19
1799 1800 9
1800 1801 2
1801 1802 13
1802 1803 16
1803 1804 4
1804 1805 17
1805 1806 19
1806 1807 6
1807 1808 16
1808 1809 18
1809 1810 1
1810 1811 15
1811 1812 12
1812 1813 16
1813 1814 18
1814 1815 19
1815 1816 17
1816 1817 8
1817 1818 5
1818 1819 8
1819 1820 17
1820 1821 11
1821 1822 6
1822 1823 16
1823 1824 16
1824 1825 14
1825 1826 14
1826 1827 10
1827 1828 11
1828 1829 4
1829 1830 3
1830 1831 16
1831 1832 12
1832 1833 8
1833 1834 3
1834 1835 6
1835 1836 17
1836 1837 10
1837 1838 14
1838 1839 5
1839 1840 19
1840 1841 1
1841 1842 4
1842 1843 15
1843 1844 8
1844 1845 19
1845 1846 7
1846 1847 9
1847 1848 11
1848 1849 9
1849 1850 8
1850 1851 4
1851 1852 20
1852 1853 4
1853 1854 4
1854 1855 6
1855 1856 14
1856 1857 9
1857 1858 6
1858 1859 20
1859 1860 8
1860 1861 4
1861 1862 7
1862 1863 13
1863 1864 11
1864 1865 13
1865 1866 4
1866 1867 4
1867 1868 15
1868 1869 16
1869 1870 11
1870 1871 5
1871 1872 3
1872 1873 4
1873 1874 3
1874 1875 4
1875 1876 9
1876 1877 1
1877 1878 3
1878 1879 15
1879 1880 1
1880 1881 7
1881 1882 8
1882 1883 8
1883 1884 6
1884 1885 18
1885 1886 15
1886 1887 2
1887 1888 3
1888 1889 2
1889 1890 2
1890 1891 1
1891 1892 11
1892 1893 10
1893 1894 9
1894 1895 14
1895 1896 14
1896 1897 9
1897 1898 18
1898 1899 1
1899 1900 2
1900 1901 20
1901 1902 14
1902 1903 10
1903 1904 16
1904 1905 3
1905 1906 20
1906 1907 10
1907 1908 6
1908 1909 2
1909 1910 5
1910 1911 20
1911 1912 20
1912 1913 11
1913 1914 18
1914 1915 12
1915 1916 13
1916 1917 3
1917 1918 11
1918 1919 1
1919 1920 20
1920 1921 1
1921 1922 5
1922 1923 8
1923 1924 8
1924 1925 13
1925 1926 5
1926 1927 4
1927 1928 11
1928 1929 17
1929 1930 16
1930 1931 5
1931 1932 14
1932 1933 19
1933 1934 5
1934 1935 13
1935 1936 12
1936 1937 11
1937 1938 4
1938 1939 7
1939 1940 9
1940 1941 7
1941 1942 16
1942 1943 14
1943 1944 8
1944 1945 8
1945 1946 10
1946 1947 3
1947 1948 10
1948 1949 3
1949 1950 8
1950 1951 17
1951 1952 15
1952 1953 5
1953 1954 1
1954 1955 18
1955 1956 19
1956 1957 7
1957 1958 1
1958 1959 19
1959 1960 14
1960 1961 18
1961 1962 11
1962 1963 14
1963 1964 9
1964 1965 20
1965 1966 8
1966 1967 20
1967 1968 13
1968 1969 10
1969 1970 9
1970 1971 19
1971 1972 19
1972 1973 19
1973 1974 19
1974 1975 18
1975 1976 5
1976 1977 17
1977 1978 13
1978 1979 6
1979 1980 18
1980 1981 11
1981 1982 7
1982 1983 18
1983 1984 16
1984 1985 14
1985 1986 17
1986 1987 14
1987 1988 5
1988 1989 9
1989 1990 16
1990 1991 9
1991 1992 13
1992 1993 13
1993 1994 16
1994 1995 1
1995 1996 15
1996 1997 14
1997 1998 4
1998 1999 1
1999 2000 14
2000 2001 13
2001 2002 7
2002 2003 11
2003 2004 2
2004 2005 2
2005 2006 16
2006 2007 15
2007 2008 11
2008 2009 7
2009 2010 7
2010 2011 15
2011 2012 15
2012 2013 2
2013 2014 2
2014 2015 2
2015 2016 18
2016 2017 4
2017 2018 18
2018 2019 19
2019 2020 13
2020 2021 16
2021 2022 20
2022 2023 14
2023 2024 14
2024 2025 18
2025 2026 8
2026 2027 10
2027 2028 9
2028 2029 1
2029 2030 20
2030 2031 5
2031 2032 13
2032 2033 12
2033 2034 15
2034 2035 3
2035 2036 2
2036 2037 8
2037 2038 19
2038 2039 19
2039 2040 8
2040 2041 7
2041 2042 4
2042 2043 20
2043 2044 9
2044 2045 13
2045 2046 17
2046 2047 9
2047 2048 18
2048 2049 15
2049 2050 16
2050 2051 8
2051 2052 9
2052 2053 11
2053 2054 7
2054 2055 3
2055 2056 19
2056 2057 15
2057 2058 18
2058 2059 18
2059 2060 7
2060 2061 12
2061 2062 5
2062 2063 12
2063 2064 19
2064 2065 10
2065 2066 10
2066 2067 11
2067 2068 16
2068 2069 2
2069 2070 7
2070 2071 7
2071 2072 13
2072 2073 16
2073 2074 11
2074 2075 2
2075 2076 16
2076 2077 5
2077 2078 9
2078 2079 14
2079 2080 13
2080 2081 8
2081 2082 5
2082 2083 20
2083 2084 5
2084 2085 10
2085 2086 7
2086 2087 12
2087 2088 4
2088 2089 11
2089 2090 8
2090 2091 1
2091 2092 13
2092 2093 15
2093 2094 10
2094 2095 5
2095 2096 15
2096 2097 15
2097 2098 12
2098 2099 9
2099 2100 16
2100 2101 7
2101 2102 14
2102 2103 9
2103 2104 7
2104 2105 9
2105 2106 18
2106 2107 3
2107 2108 12
2108 2109 4
2109 2110 4
2110 2111 9
2111 2112 14
2112 2113 12
2113 2114 15
2114 2115 8
2115 2116 19
2116 2117 12
2117 2118 2
2118 2119 16
2119 2120 20
2120 2121 7
2121 2122 2
2122 2123 2
2123 2124 18
2124 2125 6
2125 2126 15
2126 2127 15
2127 2128 5
2128 2129 4
2129 2130 1
2130 2131 14
2131 2132 19
2132 2133 2
2133 2134 8
2134 2135 3
2135 2136 8
2136 2137 6
2137 2138 5
2138 2139 14
2139 2140 2
2140 2141 11
2141 2142 20
2142 2143 16
2143 2144 17
2144 2145 10
2145 2146 20
2146 2147 7
2147 2148 20
2148 2149 2
2149 2150 5
2150 2151 2
2151 2152 1
2152 2153 20
2153 2154 1
2154 2155 2
2155 2156 7
2156 2157 7
2157 2158 1
2158 2159 15
2159 2160 11
2160 2161 18
2161 2162 8
2162 2163 1
2163 2164 12
2164 2165 16
2165 2166 10
2166 2167 9
2167 2168 7
2168 2169 2
2169 2170 2
2170 2171 15
2171 2172 20
2172 2173 7
2173 2174 19
2174 2175 8
2175 2176 3
2176 2177 20
2177 2178 7
2178 2179 19
2179 2180 7
2180 2181 16
2181 2182 20
2182 2183 12
2183 2184 2
2184 2185 17
2185 2186 5
2186 2187 12
2187 2188 12
2188 2189 10
2189 2190 10
2190 2191 20
2191 2192 9
2192 2193 4
2193 2194 8
2194 2195 7
2195 2196 5
2196 2197 19
2197 2198 7
2198 2199 1
2199 2200 20
2200 2201 14
2201 2202 10
2202 2203 3
2203 2204 17
2204 2205 17
2205 2206 2
2206 2207 9
2207 2208 11
2208 2209 20
2209 2210 9
2210 2211 14
2211 2212 14
2212 2213 11
2213 2214 4
2214 2215 8
2215 2216 10
2216 2217 16
2217 2218 11
2218 2219 2
2219 2220 17
2220 2221 6
2221 2222 16
2222 2223 6
2223 2224 18
2224 2225 3
2225 2226 13
2226 2227 10
2227 2228 3
2228 2229 15
2229 2230 5
2230 2231 1
2231 2232 20
2232 2233 12
2233 2234 4
2234 2235 10
2235 2236 19
2236 2237 20
2237 2238 7
2238 2239 3
2239 2240 13
2240 2241 18
2241 2242 3
2242 2243 5
2243 2244 6
2244 2245 3
2245 2246 20
2246 2247 20
2247 2248 13
2248 2249 4
2249 2250 5
2250 2251 9
2251 2252 16
2252 2253 17
2253 2254 19
2254 2255 3
2255 2256 20
2256 2257 17
2257 2258 5
2258 2259 12
2259 2260 8
2260 2261 13
2261 2262 6
2262 2263 10
2263 2264 14
2264 2265 9
2265 2266 16
2266 2267 13
2267 2268 14
2268 2269 4
2269 2270 10
2270 2271 9
2271 2272 1
2272 2273 1
2273 2274 6
2274 2275 17
2275 2276 19
2276 2277 8
2277 2278 4
2278 2279 10
2279 2280 15
2280 2281 1
2281 2282 19
2282 2283 2
2283 2284 8
2284 2285 2
2285 2286 2
2286 2287 4
2287 2288 12
2288 2289 3
2289 2290 19
2290 2291 5
2291 2292 4
2292 2293 11
2293 2294 13
2294 2295 14
2295 2296 10
2296 2297 4
2297 2298 20
2298 2299 18
2299 2300 3
2300 2301 19
2301 2302 18
2302 2303 3
2303 2304 10
2304 2305 10
2305 2306 17
2306 2307 17
2307 2308 8
2308 2309 15
2309 2310 18
2310 2311 19
2311 2312 17
2312 2313 11
2313 2314 8
2314 2315 7
2315 2316 8
2316 2317 11
2317 2318 4
2318 2319 10
2319 2320 8
2320 2321 2
2321 2322 16
2322 2323 7
2323 2324 1
2324 2325 12
2325 2326 9
2326 2327 11
2327 2328 2
2328 2329 20
2329 2330 4
2330 2331 18
2331 2332 19
2332 2333 3
2333 2334 12
2334 2335 5
2335 2336 9
2336 2337 3
2337 2338 11
2338 2339 2
2339 2340 6
2340 2341 1
2341 2342 5
2342 2343 3
2343 2344 14
2344 2345 3
2345 2346 7
2346 2347 10
2347 2348 8
2348 2349 19
2349 2350 7
2350 2351 18
2351 2352 14
2352 2353 12
2353 2354 13
2354 2355 10
2355 2356 8
2356 2357 18
2357 2358 13
2358 2359 14
2359 2360 17
2360 2361 2
2361 2362 13
2362 2363 8
2363 2364 16
2364 2365 12
2365 2366 11
2366 2367 4
2367 2368 14
2368 2369 2
2369 2370 4
2370 2371 15
2371 2372 7
2372 2373 9
2373 2374 14
2374 2375 8
2375 2376 2
2376 2377 16
2377 2378 18
2378 2379 10
2379 2380 9
2380 2381 7
2381 2382 3
2382 2383 15
2383 2384 1
2384 2385 14
2385 2386 10
2386 2387 6
2387 2388 10
2388 2389 19
2389 2390 9
2390 2391 16
2391 2392 16
2392 2393 5
2393 2394 4
2394 2395 20
2395 2396 8
2396 2397 1
2397 2398 12
2398 2399 3
2399 2400 2
2400 2401 19
2401 2402 11
2402 2403 1
2403 2404 9
2404 2405 2
2405 2406 2
2406 2407 4
2407 2408 10
2408 2409 11
2409 2410 7
2410 2411 17
2411 2412 1
2412 2413 13
2413 2414 11
2414 2415 4
2415 2416 4
2416 2417 6
2417 2418 6
2418 2419 12
2419 2420 16
2420 2421 5
2421 2422 14
2422 2423 12
2423 2424 5
2424 2425 10
2425 2426 16
2426 2427 7
2427 2428 9
2428 2429 10
2429 2430 11
2430 2431 16
2431 2432 15
2432 2433 10
2433 2434 17
2434 2435 14
2435 2436 8
2436 2437 13
2437 2438 12
2438 2439 4
2439 2440 12
2440 2441 3
2441 2442 6
2442 2443 1
2443 2444 7
2444 2445 16
2445 2446 12
2446 2447 10
2447 2448 4
2448 2449 6
2449 2450 12
2450 2451 11
2451 2452 16
2452 2453 17
2453 2454 9
2454 2455 5
2455 2456 16
2456 2457 7
2457 2458 13
2458 2459 12
2459 2460 10
2460 2461 18
2461 2462 15
2462 2463 8
2463 2464 11
2464 2465 19
2465 2466 3
2466 2467 14
2467 2468 1
2468 2469 15
2469 2470 4
2470 2471 4
2471 2472 5
2472 2473 9
2473 2474 18
2474 2475 20
2475 2476 13
2476 2477 2
2477 2478 13
2478 2479 16
2479 2480 20
2480 2481 4
2481 2482 1
2482 2483 7
2483 2484 3
2484 2485 2
2485 2486 19
2486 2487 11
2487 2488 12
2488 2489 11
2489 2490 2
2490 2491 5
2491 2492 6
2492 2493 13
2493 2494 14
2494 2495 13
2495 2496 10
2496 2497 8
2497 2498 3
2498 2499 7
2499 2500 5
2500 2501 4
2501 2502 8
2502 2503 7
2503 2504 18
2504 2505 10
2505 2506 12
2506 2507 2
2507 2508 2
2508 2509 16
2509 2510 14
2510 2511 19
2511 2512 19
2512 2513 16
2513 2514 4
2514 2515 17
2515 2516 1
2516 2517 13
2517 2518 13
2518 2519 3
2519 2520 3
2520 2521 5
2521 2522 2
2522 2523 20
2523 2524 14
2524 2525 16
2525 2526 5
2526 2527 11
2527 2528 19
2528 2529 20
2529 2530 19
2530 2531 5
2531 2532 4
2532 2533 1
2533 2534 13
2534 2535 1
2535 2536 13
2536 2537 10
2537 2538 15
2538 2539 5
2539 2540 5
2540 2541 3
2541 2542 16
2542 2543 12
2543 2544 1
2544 2545 17
2545 2546 2
2546 2547 20
2547 2548 15
2548 2549 13
2549 2550 9
2550 2551 5
2551 2552 6
2552 2553 1
2553 2554 1
2554 2555 12
2555 2556 16
2556 2557 9
2557 2558 2
2558 2559 11
2559 2560 7
2560 2561 11
2561 2562 4
2562 2563 2
2563 2564 4
2564 2565 19
2565 2566 3
2566 2567 17
2567 2568 2
2568 2569 9
2569 2570 20
2570 2571 1
2571 2572 4
2572 2573 20
2573 2574 9
2574 2575 6
2575 2576 17
2576 2577 10
2577 2578 16
2578 2579 11
2579 2580 19
2580 2581 7
2581 2582 18
2582 2583 11
2583 2584 5
2584 2585 7
2585 2586 16
2586 2587 10
2587 2588 2
2588 2589 9
2589 2590 6
2590 2591 4
2591 2592 14
2592 2593 20
2593 2594 9
2594 2595 6
2595 2596 6
2596 2597 8
2597 2598 12
2598 2599 2
2599 2600 12
2600 2601 10
2601 2602 11
2602 2603 5
2603 2604 11
2604 2605 4
2605 2606 7
2606 2607 3
2607 2608 16
2608 2609 13
2609 2610 9
2610 2611 8
2611 2612 8
2612 2613 12
2613 2614 13
2614 2615 19
2615 2616 10
2616 2617 20
2617 2618 5
2618 2619 4
2619 2620 10
2620 2621 10
2621 2622 10
2622 2623 1
2623 2624 5
2624 2625 15
2625 2626 17
2626 2627 16
2627 2628 13
2628 2629 8
2629 2630 12
2630 2631 2
2631 2632 15
2632 2633 2
2633 2634 5
2634 2635 2
2635 2636 18
2636 2637 5
2637 2638 7
2638 2639 4
2639 2640 8
2640 2641 19
2641 2642 14
2642 2643 16
2643 2644 17
2644 2645 10
2645 2646 4
2646 2647 3
2647 2648 4
2648 2649 5
2649 2650 5
2650 2651 6
2651 2652 20
2652 2653 2
2653 2654 5
2654 2655 12
2655 2656 12
2656 2657 1
2657 2658 12
2658 2659 9
2659 2660 3
2660 2661 15
2661 2662 16
2662 2663 13
2663 2664 15
2664 2665 19
2665 2666 17
2666 2667 3
2667 2668 20
2668 2669 11
2669 2670 12
2670 2671 11
2671 2672 7
2672 2673 15
2673 2674 4
2674 2675 2
2675 2676 3
2676 2677 5
2677 2678 10
2678 2679 13
2679 2680 16
2680 2681 13
2681 2682 12
2682 2683 20
2683 2684 20
2684 2685 4
2685 2686 4
2686 2687 8
2687 2688 6
2688 2689 16
2689 2690 2
2690 2691 3
2691 2692 17
2692 2693 8
2693 2694 14
2694 2695 16
2695 2696 11
2696 2697 17
2697 2698 10
2698 2699 8
2699 2700 18
2700 2701 11
2701 2702 18
2702 2703 10
2703 2704 16
2704 2705 3
2705 2706 9
2706 2707 8
2707 2708 1
2708 2709 19
2709 2710 17
2710 2711 7
2711 2712 3
2712 2713 13
2713 2714 10
2714 2715 9
2715 2716 2
2716 2717 16
2717 2718 19
2718 2719 3
2719 2720 9
2720 2721 8
2721 2722 14
2722 2723 17
2723 2724 10
2724 2725 4
2725 2726 3
2726 2727 16
2727 2728 3
2728 2729 7
2729 2730 18
2730 2731 4
2731 2732 2
2732 2733 15
2733 2734 1
2734 2735 19
2735 2736 18
2736 2737 8
2737 2738 15
2738 2739 7
2739 2740 18
2740 2741 2
2741 2742 13
2742 2743 8
2743 2744 16
2744 2745 20
2745 2746 4
2746 2747 9
2747 2748 14
2748 2749 8
2749 2750 9
2750 2751 9
2751 2752 10
2752 2753 12
2753 2754 18
2754 2755 12
2755 2756 10
2756 2757 10
2757 2758 17
2758 2759 5
2759 2760 6
2760 2761 10
2761 2762 7
2762 2763 14
2763 2764 18
2764 2765 4
2765 2766 6
2766 2767 15
2767 2768 13
2768 2769 11
2769 2770 20
2770 2771 8
2771 2772 19
2772 2773 16
2773 2774 18
2774 2775 18
2775 2776 8
2776 2777 13
2777 2778 17
2778 2779 14
2779 2780 13
2780 2781 15
2781 2782 19
2782 2783 9
2783 2784 6
2784 2785 15
2785 2786 14
2786 2787 7
2787 2788 14
2788 2789 10
2789 2790 6
2790 2791 7
2791 2792 20
2792 2793 2
2793 2794 3
2794 2795 16
2795 2796 16
2796 2797 8
2797 2798 13
2798 2799 5
2799 2800 8
2800 2801 16
2801 2802 17
2802 2803 4
2803 2804 3
2804 2805 9
2805 2806 15
2806 2807 20
2807 2808 5
2808 2809 10
2809 2810 13
2810 2811 6
2811 2812 6
2812 2813 1
2813 2814 4
2814 2815 9
2815 2816 7
2816 2817 20
2817 2818 19
2818 2819 14
2819 2820 14
2820 2821 15
2821 2822 11
2822 2823 18
2823 2824 17
2824 2825 1
2825 2826 15
2826 2827 10
2827 2828 19
2828 2829 11
2829 2830 9
2830 2831 11
2831 2832 13
2832 2833 11
2833 2834 7
2834 2835 15
2835 2836 16
2836 2837 8
2837 2838 16
2838 2839 10
2839 2840 12
2840 2841 4
2841 2842 17
2842 2843 10
2843 2844 18
2844 2845 14
2845 2846 2
2846 2847 8
2847 2848 2
2848 2849 18
2849 2850 12
2850 2851 18
2851 2852 16
2852 2853 11
2853 2854 19
2854 2855 18
2855 2856 2
2856 2857 10
2857 2858 13
2858 2859 1
2859 2860 7
2860 2861 18
2861 2862 14
2862 2863 13
2863 2864 1
2864 2865 16
2865 2866 8
2866 2867 6
2867 2868 18
2868 2869 14
2869 2870 12
2870 2871 8
2871 2872 5
2872 2873 3
2873 2874 7
2874 2875 11
2875 2876 9
2876 2877 7
2877 2878 7
2878 2879 11
2879 2880 4
2880 2881 12
2881 2882 8
2882 2883 10
2883 2884 8
2884 2885 17
2885 2886 15
2886 2887 9
2887 2888 9
2888 2889 4
2889 2890 4
2890 2891 16
2891 2892 3
2892 2893 20
2893 2894 9
2894 2895 1
2895 2896 14
2896 2897 5
2897 2898 18
2898 2899 15
2899 2900 10
2900 2901 19
2901 2902 4
2902 2903 19
2903 2904 15
2904 2905 9
2905 2906 19
2906 2907 19
2907 2908 15
2908 2909 15
2909 2910 13
2910 2911 4
2911 2912 6
2912 2913 4
2913 2914 13
2914 2915 4
2915 2916 12
2916 2917 1
2917 2918 16
2918 2919 20
2919 2920 13
2920 2921 5
2921 2922 16
2922 2923 16
2923 2924 16
2924 2925 19
2925 2926 8
2926 2927 16
2927 2928 15
2928 2929 16
2929 2930 4
2930 2931 12
2931 2932 14
2932 2933 7
2933 2934 7
2934 2935 4
2935 2936 20
2936 2937 10
2937 2938 11
2938 2939 15
2939 2940 20
2940 2941 3
2941 2942 3
2942 2943 4
2943 2944 10
2944 2945 9
2945 2946 18
2946 2947 6
2947 2948 6
2948 2949 19
2949 2950 14
2950 2951 16
2951 2952 7
2952 2953 15
2953 2954 3
2954 2955 4
2955 2956 12
2956 2957 19
2957 2958 9
2958 2959 19
2959 2960 14
2960 2961 16
2961 2962 4
2962 2963 19
2963 2964 16
2964 2965 12
2965 2966 15
2966 2967 20
2967 2968 8
2968 2969 18
2969 2970 7
2970 2971 11
2971 2972 16
2972 2973 8
2973 2974 12
2974 2975 14
2975 2976 19
2976 2977 1
2977 2978 16
2978 2979 5
2979 2980 3
2980 2981 18
2981 2982 3
2982 2983 13
2983 2984 7
2984 2985 10
2985 2986 10
2986 2987 13
2987 2988 9
2988 2989 18
2989 2990 5
2990 2991 1
2991 2992 18
2992 2993 12
2993 2994 7
2994 2995 4
2995 2996 14
2996 2997 6
2997 2998 18
2998 2999 5
2999 3000 9
3000 3001 6
3001 3002 11
3002 3003 4
3003 3004 12
3004 3005 19
3005 3006 9
3006 3007 15
3007 3008 6
3008 3009 1
3009 3010 19
3010 3011 15
3011 3012 14
3012 3013 16
3013 3014 5
3014 3015 10
3015 3016 20
3016 3017 16
3017 3018 4
3018 3019 3
3019 3020 17
3020 3021 3
3021 3022 6
3022 3023 1
3023 3024 11
3024 3025 19
3025 3026 9
3026 3027 18
3027 3028 4
3028 3029 5
3029 3030 20
3030 3031 16
3031 3032 15
3032 3033 9
3033 3034 9
3034 3035 19
3035 3036 8
3036 3037 6
3037 3038 6
3038 3039 20
3039 3040 2
3040 3041 8
3041 3042 5
3042 3043 15
3043 3044 12
3044 3045 14
3045 3046 17
3046 3047 10
3047 3048 16
3048 3049 6
3049 3050 9
3050 3051 2
3051 3052 19
3052 3053 20
3053 3054 12
3054 3055 11
3055 3056 20
3056 3057 16
3057 3058 5
3058 3059 17
3059 3060 9
3060 3061 20
3061 3062 10
3062 3063 4
3063 3064 8
3064 3065 6
3065 3066 3
3066 3067 5
3067 3068 6
3068 3069 5
3069 3070 2
3070 3071 1
3071 3072 2
3072 3073 7
3073 3074 4
3074 3075 19
3075 3076 2
3076 3077 15
3077 3078 20
3078 3079 5
3079 3080 17
3080 3081 8
3081 3082 15
3082 3083 19
3083 3084 18
3084 3085 20
3085 3086 8
3086 3087 20
3087 3088 15
3088 3089 20
3089 3090 19
3090 3091 16
3091 3092 5
3092 3093 14
3093 3094 3
3094 3095 3
3095 3096 9
3096 3097 2
3097 3098 11
3098 3099 16
3099 3100 13
3100 3101 1
3101 3102 14
3102 3103 9
3103 3104 1
3104 3105 9
3105 3106 4
3106 3107 10
3107 3108 8
3108 3109 13
3109 3110 12
3110 3111 19
3111 3112 17
3112 3113 11
3113 3114 10
3114 3115 6
3115 3116 15
3116 3117 14
3117 3118 10
3118 3119 3
3119 3120 9
3120 3121 3
3121 3122 9
3122 3123 20
3123 3124 7
3124 3125 4
3125 3126 9
3126 3127 8
3127 3128 7
3128 3129 14
3129 3130 3
3130 3131 16
3131 3132 7
3132 3133 20
3133 3134 7
3134 3135 17
3135 3136 12
3136 3137 7
3137 3138 20
3138 3139 7
3139 3140 14
3140 3141 20
3141 3142 8
3142 3143 9
3143 3144 12
3144 3145 4
3145 3146 9
3146 3147 18
3147 3148 19
3148 3149 16
3149 3150 16
3150 3151 20
3151 3152 5
3152 3153 18
3153 3154 18
3154 3155 13
3155 3156 10
3156 3157 6
3157 3158 20
3158 3159 6
3159 3160 10
3160 3161 12
3161 3162 2
3162 3163 7
3163 3164 7
3164 3165 4
3165 3166 4
3166 3167 10
3167 3168 14
3168 3169 2
3169 3170 18
3170 3171 6
3171 3172 14
3172 3173 16
3173 3174 11
3174 3175 13
3175 3176 4
3176 3177 3
3177 3178 17
3178 3179 15
3179 3180 5
3180 3181 12
3181 3182 12
3182 3183 3
3183 3184 16
3184 3185 11
3185 3186 17
3186 3187 6
3187 3188 8
3188 3189 16
3189 3190 7
3190 3191 13
3191 3192 14
3192 3193 6
3193 3194 1
3194 3195 14
3195 3196 16
3196 3197 9
3197 3198 2
3198 3199 16
3199 3200 10
3200 3201 4
3201 3202 20
3202 3203 13
3203 3204 20
3204 3205 10
3205 3206 6
3206 3207 19
3207 3208 13
3208 3209 3
3209 3210 15
3210 3211 5
3211 3212 16
3212 3213 3
3213 3214 10
3214 3215 6
3215 3216 15
3216 3217 19
3217 3218 15
3218 3219 5
3219 3220 3
3220 3221 14
3221 3222 4
3222 3223 8
3223 3224 5
3224 3225 20
3225 3226 4
3226 3227 9
3227 3228 5
3228 3229 17
3229 3230 19
3230 3231 15
3231 3232 3
3232 3233 1
3233 3234 10
3234 3235 14
3235 3236 14
3236 3237 7
3237 3238 11
3238 3239 9
3239 3240 2
3240 3241 2
3241 3242 8
3242 3243 9
3243 3244 18
3244 3245 19
3245 3246 1
3246 3247 18
3247 3248 5
3248 3249 5
3249 3250 18
3250 3251 3
3251 3252 1
3252 3253 1
3253 3254 2
3254 3255 10
3255 3256 10
3256 3257 20
3257 3258 16
3258 3259 18
3259 3260 7
3260 3261 18
3261 3262 5
3262 3263 10
3263 3264 17
3264 3265 8
3265 3266 12
3266 3267 10
3267 3268 7
3268 3269 16
3269 3270 5
3270 3271 11
3271 3272 7
3272 3273 5
3273 3274 3
3274 3275 3
3275 3276 6
3276 3277 9
3277 3278 8
3278 3279 9
3279 3280 11
3280 3281 4
3281 3282 13
3282 3283 10
3283 3284 10
3284 3285 20
3285 3286 15
3286 3287 12
3287 3288 15
3288 3289 4
3289 3290 10
3290 3291 11
3291 3292 4
3292 3293 3
3293 3294 15
3294 3295 18
3295 3296 5
3296 3297 4
3297 3298 4
3298 3299 4
3299 3300 20
3300 3301 18
3301 3302 16
3302 3303 4
3303 3304 4
3304 3305 14
3305 3306 5
3306 3307 20
3307 3308 10
3308 3309 20
3309 3310 3
3310 3311 5
3311 3312 13
3312 3313 18
3313 3314 2
3314 3315 9
3315 3316 15
3316 3317 14
3317 3318 2
3318 3319 1
3319 3320 18
3320 3321 3
3321 3322 11
3322 3323 17
3323 3324 1
3324 3325 15
3325 3326 19
3326 3327 3
3327 3328 9
3328 3329 17
3329 3330 12
3330 3331 8
3331 3332 14
3332 3333 14
3333 3334 4
3334 3335 4
3335 3336 19
3336 3337 20
3337 3338 19
3338 3339 2
3339 3340 12
3340 3341 2
3341 3342 12
3342 3343 18
3343 3344 16
3344 3345 5
3345 3346 5
3346 3347 1
3347 3348 12
3348 3349 5
3349 3350 6
3350 3351 2
3351 3352 4
3352 3353 4
3353 3354 6
3354 3355 6
3355 3356 19
3356 3357 7
3357 3358 17
3358 3359 3
3359 3360 15
3360 3361 14
3361 3362 14
3362 3363 8
3363 3364 8
3364 3365 6
3365 3366 16
3366 3367 19
3367 3368 12
3368 3369 11
3369 3370 6
3370 3371 20
3371 3372 20
3372 3373 7
3373 3374 13
3374 3375 15
3375 3376 13
3376 3377 16
3377 3378 8
3378 3379 16
3379 3380 12
3380 3381 15
3381 3382 12
3382 3383 18
3383 3384 8
3384 3385 20
3385 3386 17
3386 3387 11
3387 3388 20
3388 3389 16
3389 3390 19
3390 3391 15
3391 3392 8
3392 3393 11
3393 3394 15
3394 3395 12
3395 3396 11
3396 3397 6
3397 3398 17
3398 3399 2
3399 3400 15
3400 3401 13
3401 3402 1
3402 3403 19
3403 3404 9
3404 3405 15
3405 3406 20
3406 3407 5
3407 3408 7
3408 3409 9
3409 3410 18
3410 3411 2
3411 3412 15
3412 3413 6
3413 3414 1
3414 3415 13
3415 3416 12
3416 3417 3
3417 3418 16
3418 3419 19
3419 3420 15
3420 3421 1
3421 3422 5
3422 3423 11
3423 3424 4
3424 3425 17
3425 3426 4
3426 3427 4
3427 3428 1
3428 3429 5
3429 3430 13
3430 3431 12
3431 3432 11
3432 3433 13
3433 3434 9
3434 3435 14
3435 3436 15
3436 3437 4
3437 3438 3
3438 3439 17
3439 3440 6
3440 3441 4
3441 3442 5
3442 3443 5
3443 3444 8
3444 3445 10
3445 3446 19
3446 3447 9
3447 3448 13
3448 3449 15
3449 3450 5
3450 3451 14
3451 3452 15
3452 3453 3
3453 3454 14
3454 3455 17
3455 3456 20
3456 3457 6
3457 3458 15
3458 3459 10
3459 3460 18
3460 3461 14
3461 3462 8
3462 3463 13
3463 3464 11
3464 3465 15
3465 3466 6
3466 3467 19
3467 3468 10
3468 3469 2
3469 3470 17
3470 3471 3
3471 3472 16
3472 3473 9
3473 3474 18
3474 3475 16
3475 3476 3
3476 3477 20
3477 3478 19
3478 3479 11
3479 3480 9
3480 3481 16
3481 3482 20
3482 3483 11
3483 3484 2
3484 3485 2
3485 3486 9
3486 3487 7
3487 3488 1
3488 3489 5
3489 3490 12
3490 3491 7
3491 3492 5
3492 3493 11
3493 3494 8
3494 3495 11
3495 3496 20
3496 3497 6
3497 3498 13
3498 3499 11
3499 3500 12
3500 3501 19
3501 3502 8
3502 3503 11
3503 3504 20
3504 3505 15
3505 3506 14
3506 3507 9
3507 3508 20
3508 3509 5
3509 3510 16
3510 3511 16
3511 3512 7
3512 3513 20
3513 3514 15
3514 3515 15
3515 3516 16
3516 3517 17
3517 3518 4
3518 3519 8
3519 3520 14
3520 3521 5
3521 3522 1
3522 3523 14
3523 3524 16
3524 3525 12
3525 3526 2
3526 3527 5
3527 3528 10
3528 3529 20
3529 3530 6
3530 3531 18
3531 3532 19
3532 3533 18
3533 3534 4
3534 3535 9
3535 3536 16
3536 3537 11
3537 3538 18
3538 3539 12
3539 3540 6
3540 3541 5
3541 3542 18
3542 3543 7
3543 3544 12
3544 3545 5
3545 3546 9
3546 3547 17
3547 3548 17
3548 3549 4
3549 3550 17
3550 3551 1
3551 3552 10
3552 3553 18
3553 3554 5
3554 3555 2
3555 3556 6
3556 3557 12
3557 3558 7
3558 3559 5
3559 3560 8
3560 3561 18
3561 3562 2
3562 3563 19
3563 3564 1
3564 3565 5
3565 3566 13
3566 3567 20
3567 3568 9
3568 3569 10
3569 3570 9
3570 3571 12
3571 3572 20
3572 3573 15
3573 3574 13
3574 3575 15
3575 3576 7
3576 3577 1
3577 3578 14
3578 3579 8
3579 3580 1
3580 3581 17
3581 3582 6
3582 3583 4
3583 3584 2
3584 3585 15
3585 3586 20
3586 3587 4
3587 3588 5
3588 3589 20
3589 3590 7
3590 3591 3
3591 3592 19
3592 3593 13
3593 3594 2
3594 3595 1
3595 3596 2
3596 3597 6
3597 3598 15
3598 3599 20
3599 3600 10
3600 3601 1
3601 3602 10
3602 3603 8
3603 3604 15
3604 3605 19
3605 3606 7
3606 3607 19
3607 3608 17
3608 3609 4
3609 3610 12
3610 3611 18
3611 3612 4
3612 3613 17
3613 3614 1
3614 3615 19
3615 3616 10
3616 3617 5
3617 3618 6
3618 3619 13
3619 3620 8
3620 3621 18
3621 3622 8
3622 3623 7
3623 3624 13
3624 3625 19
3625 3626 4
3626 3627 13
3627 3628 12
3628 3629 5
3629 3630 17
3630 3631 10
3631 3632 7
3632 3633 2
3633 3634 8
3634 3635 9
3635 3636 13
3636 3637 7
3637 3638 4
3638 3639 7
3639 3640 8
3640 3641 3
3641 3642 2
3642 3643 9
3643 3644 5
3644 3645 17
3645 3646 20
3646 3647 17
3647 3648 13
3648 3649 9
3649 3650 14
3650 3651 2
3651 3652 9
3652 3653 1
3653 3654 5
3654 3655 19
3655 3656 2
3656 3657 17
3657 3658 14
3658 3659 16
3659 3660 18
3660 3661 14
3661 3662 14
3662 3663 5
3663 3664 13
3664 3665 11
3665 3666 13
3666 3667 11
3667 3668 14
3668 3669 4
3669 3670 3
3670 3671 20
3671 3672 19
3672 3673 10
3673 3674 3
3674 3675 9
3675 3676 13
3676 3677 15
3677 3678 1
3678 3679 13
3679 3680 9
3680 3681 7
3681 3682 20
3682 3683 8
3683 3684 7
3684 3685 9
3685 3686 10
3686 3687 18
3687 3688 2
3688 3689 15
3689 3690 4
3690 3691 15
3691 3692 20
3692 3693 20
3693 3694 12
3694 3695 9
3695 3696 11
3696 3697 10
3697 3698 11
3698 3699 8
3699 3700 17
3700 3701 6
3701 3702 20
3702 3703 7
3703 3704 5
3704 3705 20
3705 3706 2
3706 3707 12
3707 3708 14
3708 3709 2
3709 3710 10
3710 3711 16
3711 3712 20
3712 3713 9
3713 3714 20
3714 3715 8
3715 3716 11
3716 3717 17
3717 3718 19
3718 3719 7
3719 3720 20
3720 3721 12
3721 3722 11
3722 3723 8
3723 3724 5
3724 3725 19
3725 3726 15
3726 3727 12
3727 3728 14
3728 3729 7
3729 3730 20
3730 3731 16
3731 3732 6
3732 3733 19
3733 3734 6
3734 3735 9
3735 3736 7
3736 3737 20
3737 3738 5
3738 3739 15
3739 3740 18
3740 3741 1
3741 3742 18
3742 3743 4
3743 3744 13
3744 3745 2
3745 3746 8
3746 3747 2
3747 3748 2
3748 3749 17
3749 3750 13
3750 3751 14
3751 3752 17
3752 3753 3
3753 3754 8
3754 3755 8
3755 3756 18
3756 3757 11
3757 3758 12
3758 3759 5
3759 3760 19
3760 3761 13
3761 3762 20
3762 3763 16
3763 3764 18
3764 3765 3
3765 3766 1
3766 3767 1
3767 3768 6
3768 3769 5
3769 3770 5
3770 3771 4
3771 3772 4
3772 3773 20
3773 3774 17
3774 3775 3
3775 3776 12
3776 3777 8
3777 3778 10
3778 3779 11
3779 3780 3
3780 3781 2
3781 3782 10
3782 3783 2
3783 3784 17
3784 3785 18
3785 3786 8
3786 3787 3
3787 3788 5
3788 3789 18
3789 3790 3
3790 3791 3
3791 3792 8
3792 3793 5
3793 3794 16
3794 3795 6
3795 3796 18
3796 3797 12
3797 3798 18
3798 3799 10
3799 3800 1
3800 3801 4
3801 3802 9
3802 3803 13
3803 3804 11
3804 3805 10
3805 3806 4
3806 3807 18
3807 3808 10
3808 3809 18
3809 3810 12
3810 3811 1
3811 3812 18
3812 3813 16
3813 3814 20
3814 3815 1
3815 3816 6
3816 3817 2
3817 3818 16
3818 3819 14
3819 3820 5
3820 3821 2
3821 3822 9
3822 3823 4
3823 3824 2
3824 3825 20
3825 3826 7
3826 3827 19
3827 3828 14
3828 3829 19
3829 3830 19
3830 3831 11
3831 3832 11
3832 3833 1
3833 3834 4
3834 3835 7
3835 3836 5
3836 3837 4
3837 3838 5
3838 3839 3
3839 3840 2
3840 3841 9
3841 3842 12
3842 3843 12
3843 3844 17
3844 3845 4
3845 3846 18
3846 3847 2
3847 3848 2
3848 3849 16
3849 3850 9
3850 3851 17
3851 3852 5
3852 3853 20
3853 3854 14
3854 3855 3
3855 3856 4
3856 3857 14
3857 3858 6
3858 3859 19
3859 3860 14
3860 3861 4
3861 3862 12
3862 3863 1
3863 3864 17
3864 3865 16
3865 3866 9
3866 3867 16
3867 3868 12
3868 3869 6
3869 3870 10
3870 3871 2
3871 3872 8
3872 3873 9
3873 3874 6
3874 3875 11
3875 3876 9
3876 3877 20
3877 3878 11
3878 3879 4
3879 3880 17
3880 3881 2
3881 3882 1
3882 3883 14
3883 3884 9
3884 3885 5
3885 3886 12
3886 3887 10
3887 3888 19
3888 3889 7
3889 3890 13
3890 3891 13
3891 3892 12
3892 3893 8
3893 3894 18
3894 3895 8
3895 3896 13
3896 3897 13
3897 3898 6
3898 3899 10
3899 3900 17
3900 3901 8
3901 3902 10
3902 3903 8
3903 3904 18
3904 3905 2
3905 3906 4
3906 3907 10
3907 3908 7
3908 3909 10
3909 3910 7
3910 3911 12
3911 3912 18
3912 3913 11
3913 3914 5
3914 3915 12
3915 3916 13
3916 3917 5
3917 3918 15
3918 3919 2
3919 3920 4
3920 3921 8
3921 3922 8
3922 3923 16
3923 3924 12
3924 3925 10
3925 3926 4
3926 3927 7
3927 3928 12
3928 3929 8
3929 3930 4
3930 3931 16
3931 3932 1
3932 3933 1
3933 3934 15
3934 3935 15
3935 3936 10
3936 3937 1
3937 3938 8
3938 3939 2
3939 3940 11
3940 3941 13
3941 3942 5
3942 3943 5
3943 3944 15
3944 3945 11
3945 3946 3
3946 3947 18
3947 3948 16
3948 3949 19
3949 3950 9
3950 3951 4
3951 3952 14
3952 3953 7
3953 3954 19
3954 3955 19
3955 3956 20
3956 3957 19
3957 3958 3
3958 3959 6
3959 3960 13
3960 3961 20
3961 3962 20
3962 3963 11
3963 3964 2
3964 3965 5
3965 3966 12
3966 3967 7
3967 3968 16
3968 3969 1
3969 3970 20
3970 3971 20
3971 3972 11
3972 3973 18
3973 3974 11
3974 3975 18
3975 3976 5
3976 3977 11
3977 3978 10
3978 3979 11
3979 3980 12
3980 3981 7
3981 3982 20
3982 3983 7
3983 3984 4
3984 3985 7
3985 3986 16
3986 3987 11
3987 3988 7
3988 3989 11
3989 3990 2
3990 3991 14
3991 3992 10
3992 3993 1
3993 3994 2
3994 3995 13
3995 3996 1
3996 3997 13
3997 3998 7
3998 3999 20
3999 4000 6
4000 T 13
