1000000000
10
20 20 20 20 20 20 20 20 20 20
200
1 1
2 1
3 1
4 1
5 1
6 1
7 1
8 1
9 1
10 1
11 1
12 1
13 1
14 1
15 1
16 1
17 1
18 1
19 1
20 1
21 2
22 2
23 2
24 2
25 2
26 2
27 2
28 2
29 2
30 2
31 2
32 2
33 2
34 2
35 2
36 2
37 2
38 2
39 2
40 2
41 3
42 3
43 3
44 3
45 3
46 3
47 3
48 3
49 3
50 3
51 3
52 3
53 3
54 3
55 3
56 3
57 3
58 3
59 3
60 3
61 4
62 4
63 4
64 4
65 4
66 4
67 4
68 4
69 4
70 4
71 4
72 4
73 4
74 4
75 4
76 4
77 4
78 4
79 4
80 4
81 5
82 5
83 5
84 5
85 5
86 5
87 5
88 5
89 5
90 5
91 5
92 5
93 5
94 5
95 5
96 5
97 5
98 5
99 5
100 5
101 6
102 6
103 6
104 6
105 6
106 6
107 6
108 6
109 6
110 6
111 6
112 6
113 6
114 6
115 6
116 6
117 6
118 6
119 6
120 6
121 7
122 7
123 7
124 7
125 7
126 7
127 7
128 7
129 7
130 7
131 7
132 7
133 7
134 7
135 7
136 7
137 7
138 7
139 7
140 7
141 8
142 8
143 8
144 8
145 8
146 8
147 8
148 8
149 8
150 8
151 8
152 8
153 8
154 8
155 8
156 8
157 8
158 8
159 8
160 8
161 9
162 9
163 9
164 9
165 9
166 9
167 9
168 9
169 9
170 9
171 9
172 9
173 9
174 9
175 9
176 9
177 9
178 9
179 9
180 9
181 10
182 10
183 10
184 10
185 10
186 10
187 10
188 10
189 10
190 10
191 10
192 10
193 10
194 10
195 10
196 10
197 10
198 10
199 10
200 10
207
S 1 77
1 2 61
2 3 94
3 4 15
4 5 94
5 6 25
6 7 38
7 8 14
8 9 48
9 10 92
10 11 67
11 12 3
12 13 30
13 14 38
14 15 84
15 16 98
16 17 26
17 18 36
18 19 43
19 20 40
20 21 62
21 22 27
22 23 79
23 24 20
24 25 68
25 26 55
26 27 23
27 28 84
28 29 14
29 30 9
30 31 97
31 32 84
32 33 37
33 34 81
34 35 85
35 36 94
36 37 78
37 38 6
38 39 60
39 40 6
40 41 52
41 42 64
42 43 76
43 44 13
44 45 43
45 46 83
46 47 66
47 48 21
48 49 80
49 50 1
50 51 94
51 52 38
52 53 88
53 54 8
54 55 86
55 56 28
56 57 5
57 58 53
58 59 19
59 60 22
60 61 11
61 62 47
62 63 60
63 64 35
64 65 24
65 66 59
66 67 79
67 68 41
68 69 35
69 70 8
70 71 28
71 72 54
72 73 66
73 74 71
74 75 45
75 76 58
76 77 32
77 78 63
78 79 30
79 80 58
80 81 24
81 82 2
82 83 70
83 84 99
84 85 54
85 86 2
86 87 66
87 88 41
88 89 78
89 90 2
90 91 86
91 92 89
92 93 13
93 94 15
94 95 35
95 96 86
96 97 47
97 98 35
98 99 34
99 100 88
100 101 2
101 102 52
102 103 90
103 104 58
104 105 75
105 106 90
106 107 33
107 108 17
108 109 48
109 110 69
110 111 44
111 112 10
112 113 94
113 114 23
114 115 12
115 116 61
116 117 61
117 118 30
118 119 47
119 120 1
120 121 43
121 122 32
122 123 81
123 124 86
124 125 93
125 126 10
126 127 69
127 128 72
128 129 65
129 130 31
130 131 30
131 132 94
132 133 22
133 134 31
134 135 78
135 136 31
136 137 82
137 138 21
138 139 93
139 140 37
140 141 60
141 142 50
142 143 67
143 144 69
144 145 41
145 146 13
146 147 15
147 148 22
148 149 46
149 150 11
150 151 90
151 152 7
152 153 38
153 154 94
154 155 39
155 156 97
156 157 83
157 158 86
158 159 92
159 160 50
160 161 98
161 162 81
162 163 39
163 164 96
164 165 51
165 166 74
166 167 95
167 168 95
168 169 24
169 170 21
170 171 60
171 172 15
172 173 95
173 174 86
174 175 82
175 176 18
176 177 5
177 178 41
178 179 63
179 180 23
180 181 62
181 182 53
182 183 5
183 184 81
184 185 66
185 186 6
186 187 95
187 188 49
188 189 36
189 190 33
190 191 56
191 192 39
192 193 54
193 194 38
194 195 65
195 196 41
196 197 19
197 198 95
198 199 11
199 200 20
200 T 12
4 150 56
40 140 76
49 138 59
74 164 32
105 68 1
176 64 54
