1000000000
17
2 2 2 2 2 2 2 2 2 2 2 2 2 2 2 2 2
34
1 1
2 1
3 2
4 2
5 3
6 3
7 4
8 4
9 5
10 5
11 6
12 6
13 7
14 7
15 8
16 8
17 9
18 9
19 10
20 10
21 11
22 11
23 12
24 12
25 13
26 13
27 14
28 14
29 15
30 15
31 16
32 16
33 17
34 17
163
S 1 11
1 2 20
2 3 7
3 4 8
4 5 7
5 6 17
6 7 7
7 8 13
8 9 20
9 10 3
10 11 14
11 12 2
12 13 19
13 14 17
14 15 4
15 16 6
16 17 19
17 18 13
18 19 20
19 20 13
20 21 9
21 22 15
22 23 15
23 24 4
24 25 5
25 26 16
26 27 9
27 28 16
28 29 9
29 30 12
30 31 7
31 32 3
32 33 14
33 34 1
34 T 6
S 25 14
S T 9
1 9 20
1 12 7
1 22 4
1 26 1
1 27 10
1 32 17
1 34 20
2 1 13
3 9 19
3 12 12
3 21 5
3 26 18
3 27 19
5 3 7
5 14 3
5 18 7
5 22 14
5 T 20
6 10 4
7 2 12
7 3 5
7 10 1
7 13 7
7 14 1
8 7 10
8 13 17
8 28 2
10 5 4
10 8 8
10 11 8
10 12 19
10 22 3
10 26 4
11 3 3
11 4 14
11 7 14
11 9 20
11 15 20
11 17 8
11 29 6
12 4 10
12 5 2
12 24 7
12 31 7
13 10 15
13 21 18
13 28 3
14 16 13
14 18 3
14 20 15
14 24 11
14 25 10
14 27 1
14 31 20
14 34 13
15 11 15
15 12 20
15 20 13
15 22 2
15 25 10
15 26 3
15 30 4
17 15 5
17 25 4
17 33 5
18 1 7
18 17 11
18 27 6
18 29 20
18 31 7
19 6 9
19 13 3
20 16 7
20 26 16
20 29 13
21 10 7
21 12 11
22 15 9
22 23 16
22 25 4
22 34 1
23 12 10
23 25 14
23 T 5
25 5 19
25 10 12
25 11 5
25 26 17
26 6 18
26 8 14
26 9 11
27 1 20
27 6 1
27 9 16
27 13 6
27 17 11
27 31 7
27 34 13
28 18 11
28 24 4
28 27 6
28 T 10
29 6 20
29 9 7
29 10 19
29 12 19
30 21 1
30 23 20
31 10 17
31 28 9
31 29 20
32 8 20
32 9 16
32 11 6
32 14 20
32 17 1
33 2 3
33 4 9
33 7 11
33 11 16
33 23 2
33 27 12
34 8 1
34 10 15
34 31 12
34 33 20
