1000000000
10
30 30 30 30 30 30 30 30 30 30
300
1 1
2 1
3 1
4 1
5 1
6 1
7 1
8 1
9 1
10 1
11 1
12 1
13 1
14 1
15 1
16 1
17 1
18 1
19 1
20 1
21 1
22 1
23 1
24 1
25 1
26 1
27 1
28 1
29 1
30 1
31 2
32 2
33 2
34 2
35 2
36 2
37 2
38 2
39 2
40 2
41 2
42 2
43 2
44 2
45 2
46 2
47 2
48 2
49 2
50 2
51 2
52 2
53 2
54 2
55 2
56 2
57 2
58 2
59 2
60 2
61 3
62 3
63 3
64 3
65 3
66 3
67 3
68 3
69 3
70 3
71 3
72 3
73 3
74 3
75 3
76 3
77 3
78 3
79 3
80 3
81 3
82 3
83 3
84 3
85 3
86 3
87 3
88 3
89 3
90 3
91 4
92 4
93 4
94 4
95 4
96 4
97 4
98 4
99 4
100 4
101 4
102 4
103 4
104 4
105 4
106 4
107 4
108 4
109 4
110 4
111 4
112 4
113 4
114 4
115 4
116 4
117 4
118 4
119 4
120 4
121 5
122 5
123 5
124 5
125 5
126 5
127 5
128 5
129 5
130 5
131 5
132 5
133 5
134 5
135 5
136 5
137 5
138 5
139 5
140 5
141 5
142 5
143 5
144 5
145 5
146 5
147 5
148 5
149 5
150 5
151 6
152 6
153 6
154 6
155 6
156 6
157 6
158 6
159 6
160 6
161 6
162 6
163 6
164 6
165 6
166 6
167 6
168 6
169 6
170 6
171 6
172 6
173 6
174 6
175 6
176 6
177 6
178 6
179 6
180 6
181 7
182 7
183 7
184 7
185 7
186 7
187 7
188 7
189 7
190 7
191 7
192 7
193 7
194 7
195 7
196 7
197 7
198 7
199 7
200 7
201 7
202 7
203 7
204 7
205 7
206 7
207 7
208 7
209 7
210 7
211 8
212 8
213 8
214 8
215 8
216 8
217 8
218 8
219 8
220 8
221 8
222 8
223 8
224 8
225 8
226 8
227 8
228 8
229 8
230 8
231 8
232 8
233 8
234 8
235 8
236 8
237 8
238 8
239 8
240 8
241 9
242 9
243 9
244 9
245 9
246 9
247 9
248 9
249 9
250 9
251 9
252 9
253 9
254 9
255 9
256 9
257 9
258 9
259 9
260 9
261 9
262 9
263 9
264 9
265 9
266 9
267 9
268 9
269 9
270 9
271 10
272 10
273 10
274 10
275 10
276 10
277 10
278 10
279 10
280 10
281 10
282 10
283 10
284 10
285 10
286 10
287 10
288 10
289 10
290 10
291 10
292 10
293 10
294 10
295 10
296 10
297 10
298 10
299 10
300 10
301
S 1 5
1 2 15
2 3 2
3 4 10
4 5 16
5 6 10
6 7 20
7 8 5
8 9 5
9 10 2
10 11 1
11 12 9
12 13 16
13 14 16
14 15 19
15 16 1
16 17 8
17 18 19
18 19 3
19 20 13
20 21 18
21 22 19
22 23 4
23 24 13
24 25 11
25 26 4
26 27 2
27 28 11
28 29 18
29 30 4
30 31 13
31 32 1
32 33 13
33 34 5
34 35 20
35 36 11
36 37 5
37 38 14
38 39 19
39 40 20
40 41 16
41 42 12
42 43 1
43 44 12
44 45 20
45 46 8
46 47 18
47 48 16
48 49 4
49 50 4
50 51 3
51 52 17
52 53 6
53 54 4
54 55 9
55 56 5
56 57 13
57 58 19
58 59 15
59 60 14
60 61 19
61 62 18
62 63 16
63 64 2
64 65 17
65 66 4
66 67 18
67 68 20
68 69 9
69 70 17
70 71 6
71 72 5
72 73 20
73 74 17
74 75 18
75 76 6
76 77 10
77 78 2
78 79 19
79 80 11
80 81 20
81 82 20
82 83 13
83 84 20
84 85 12
85 86 3
86 87 18
87 88 14
88 89 19
89 90 19
90 91 20
91 92 20
92 93 2
93 94 12
94 95 18
95 96 20
96 97 19
97 98 17
98 99 10
99 100 17
100 101 7
101 102 5
102 103 19
103 104 5
104 105 13
105 106 5
106 107 18
107 108 13
108 109 18
109 110 3
110 111 17
111 112 10
112 113 8
113 114 5
114 115 18
115 116 17
116 117 10
117 118 3
118 119 2
119 120 11
120 121 7
121 122 9
122 123 15
123 124 14
124 125 4
125 126 10
126 127 10
127 128 11
128 129 2
129 130 18
130 131 15
131 132 4
132 133 18
133 134 2
134 135 15
135 136 3
136 137 10
137 138 20
138 139 12
139 140 18
140 141 3
141 142 2
142 143 3
143 144 4
144 145 1
145 146 2
146 147 18
147 148 15
148 149 6
149 150 12
150 151 20
151 152 1
152 153 17
153 154 18
154 155 10
155 156 3
156 157 13
157 158 13
158 159 10
159 160 8
160 161 15
161 162 8
162 163 7
163 164 11
164 165 11
165 166 19
166 167 19
167 168 6
168 169 9
169 170 13
170 171 8
171 172 13
172 173 7
173 174 17
174 175 14
175 176 11
176 177 16
177 178 10
178 179 9
179 180 16
180 181 7
181 182 6
182 183 4
183 184 6
184 185 11
185 186 13
186 187 10
187 188 15
188 189 13
189 190 17
190 191 10
191 192 12
192 193 19
193 194 13
194 195 13
195 196 1
196 197 10
197 198 9
198 199 2
199 200 5
200 201 1
201 202 11
202 203 16
203 204 14
204 205 10
205 206 10
206 207 14
207 208 18
208 209 15
209 210 3
210 211 17
211 212 15
212 213 14
213 214 1
214 215 15
215 216 15
216 217 12
217 218 11
218 219 18
219 220 2
220 221 7
221 222 4
222 223 10
223 224 19
224 225 9
225 226 13
226 227 17
227 228 2
228 229 10
229 230 11
230 231 14
231 232 10
232 233 13
233 234 11
234 235 6
235 236 4
236 237 13
237 238 18
238 239 3
239 240 9
240 241 10
241 242 15
242 243 19
243 244 7
244 245 12
245 246 18
246 247 6
247 248 11
248 249 3
249 250 5
250 251 5
251 252 8
252 253 20
253 254 1
254 255 11
255 256 7
256 257 20
257 258 1
258 259 5
259 260 17
260 261 4
261 262 7
262 263 17
263 264 5
264 265 12
265 266 19
266 267 14
267 268 9
268 269 20
269 270 9
270 271 15
271 272 2
272 273 9
273 274 6
274 275 11
275 276 16
276 277 2
277 278 6
278 279 1
279 280 17
280 281 1
281 282 13
282 283 17
283 284 9
284 285 9
285 286 11
286 287 6
287 288 13
288 289 8
289 290 12
290 291 14
291 292 8
292 293 17
293 294 1
294 295 20
295 296 6
296 297 2
297 298 9
298 299 20
299 300 4
300 T 19
