1000000000
5
50 50 50 50 50
250
1 1
2 1
3 1
4 1
5 1
6 1
7 1
8 1
9 1
10 1
11 1
12 1
13 1
14 1
15 1
16 1
17 1
18 1
19 1
20 1
21 1
22 1
23 1
24 1
25 1
26 1
27 1
28 1
29 1
30 1
31 1
32 1
33 1
34 1
35 1
36 1
37 1
38 1
39 1
40 1
41 1
42 1
43 1
44 1
45 1
46 1
47 1
48 1
49 1
50 1
51 2
52 2
53 2
54 2
55 2
56 2
57 2
58 2
59 2
60 2
61 2
62 2
63 2
64 2
65 2
66 2
67 2
68 2
69 2
70 2
71 2
72 2
73 2
74 2
75 2
76 2
77 2
78 2
79 2
80 2
81 2
82 2
83 2
84 2
85 2
86 2
87 2
88 2
89 2
90 2
91 2
92 2
93 2
94 2
95 2
96 2
97 2
98 2
99 2
100 2
101 3
102 3
103 3
104 3
105 3
106 3
107 3
108 3
109 3
110 3
111 3
112 3
113 3
114 3
115 3
116 3
117 3
118 3
119 3
120 3
121 3
122 3
123 3
124 3
125 3
126 3
127 3
128 3
129 3
130 3
131 3
132 3
133 3
134 3
135 3
136 3
137 3
138 3
139 3
140 3
141 3
142 3
143 3
144 3
145 3
146 3
147 3
148 3
149 3
150 3
151 4
152 4
153 4
154 4
155 4
156 4
157 4
158 4
159 4
160 4
161 4
162 4
163 4
164 4
165 4
166 4
167 4
168 4
169 4
170 4
171 4
172 4
173 4
174 4
175 4
176 4
177 4
178 4
179 4
180 4
181 4
182 4
183 4
184 4
185 4
186 4
187 4
188 4
189 4
190 4
191 4
192 4
193 4
194 4
195 4
196 4
197 4
198 4
199 4
200 4
201 5
202 5
203 5
204 5
205 5
206 5
207 5
208 5
209 5
210 5
211 5
212 5
213 5
214 5
215 5
216 5
217 5
218 5
219 5
220 5
221 5
222 5
223 5
224 5
225 5
226 5
227 5
228 5
229 5
230 5
231 5
232 5
233 5
234 5
235 5
236 5
237 5
238 5
239 5
240 5
241 5
242 5
243 5
244 5
245 5
246 5
247 5
248 5
249 5
250 5
6563
S 1 10
1 2 3
2 3 17
3 4 1
4 5 3
5 6 16
6 7 15
7 8 15
8 9 11
9 10 18
10 11 1
11 12 12
12 13 8
13 14 3
14 15 2
15 16 12
16 17 4
17 18 9
18 19 5
19 20 15
20 21 9
21 22 4
22 23 19
23 24 1
24 25 4
25 26 16
26 27 16
27 28 14
28 29 2
29 30 20
30 31 1
31 32 19
32 33 1
33 34 8
34 35 18
35 36 4
36 37 9
37 38 8
38 39 3
39 40 18
40 41 8
41 42 2
42 43 16
43 44 17
44 45 15
45 46 4
46 47 16
47 48 12
48 49 6
49 50 14
50 51 20
51 52 17
52 53 6
53 54 15
54 55 8
55 56 12
56 57 17
57 58 15
58 59 19
59 60 11
60 61 8
61 62 12
62 63 10
63 64 1
64 65 7
65 66 5
66 67 16
67 68 1
68 69 18
69 70 8
70 71 1
71 72 12
72 73 16
73 74 9
74 75 2
75 76 2
76 77 10
77 78 16
78 79 3
79 80 15
80 81 5
81 82 3
82 83 15
83 84 2
84 85 9
85 86 7
86 87 18
87 88 16
88 89 4
89 90 12
90 91 1
91 92 1
92 93 4
93 94 7
94 95 20
95 96 5
96 97 20
97 98 11
98 99 3
99 100 9
100 101 4
101 102 12
102 103 17
103 104 1
104 105 6
105 106 10
106 107 16
107 108 13
108 109 12
109 110 16
110 111 10
111 112 13
112 113 7
113 114 8
114 115 3
115 116 8
116 117 4
117 118 6
118 119 18
119 120 6
120 121 11
121 122 14
122 123 18
123 124 2
124 125 1
125 126 7
126 127 16
127 128 12
128 129 15
129 130 20
130 131 11
131 132 14
132 133 12
133 134 18
134 135 9
135 136 19
136 137 2
137 138 14
138 139 18
139 140 19
140 141 13
141 142 17
142 143 1
143 144 20
144 145 3
145 146 12
146 147 20
147 148 11
148 149 12
149 150 20
150 151 11
151 152 20
152 153 15
153 154 1
154 155 15
155 156 18
156 157 16
157 158 9
158 159 17
159 160 12
160 161 10
161 162 12
162 163 13
163 164 7
164 165 13
165 166 16
166 167 19
167 168 11
168 169 16
169 170 17
170 171 15
171 172 7
172 173 5
173 174 16
174 175 7
175 176 16
176 177 11
177 178 3
178 179 16
179 180 12
180 181 10
181 182 13
182 183 11
183 184 20
184 185 2
185 186 8
186 187 4
187 188 10
188 189 13
189 190 15
190 191 17
191 192 4
192 193 4
193 194 8
194 195 16
195 196 13
196 197 5
197 198 18
198 199 4
199 200 4
200 201 7
201 202 4
202 203 15
203 204 13
204 205 4
205 206 7
206 207 13
207 208 15
208 209 12
209 210 12
210 211 20
211 212 5
212 213 11
213 214 4
214 215 15
215 216 3
216 217 13
217 218 3
218 219 8
219 220 17
220 221 5
221 222 20
222 223 5
223 224 6
224 225 9
225 226 6
226 227 8
227 228 12
228 229 10
229 230 1
230 231 6
231 232 12
232 233 15
233 234 19
234 235 6
235 236 14
236 237 13
237 238 13
238 239 7
239 240 6
240 241 20
241 242 17
242 243 11
243 244 10
244 245 17
245 246 18
246 247 19
247 248 13
248 249 20
249 250 8
250 T 2
S 18 4
S 25 9
S 36 17
S 43 20
S 47 6
S 49 14
S 50 10
S 60 1
S 78 1
S 89 13
S 106 20
S 109 14
S 128 8
S 135 12
S 140 19
S 148 3
S 176 7
S 188 12
S 189 14
S 194 13
S 201 1
S 232 10
1 11 8
1 28 2
1 33 7
1 41 10
1 47 20
1 56 6
1 63 13
1 102 15
1 107 7
1 136 11
1 147 19
1 166 15
1 182 3
1 206 6
1 213 12
1 227 9
1 231 3
1 238 4
1 247 14
1 250 17
2 4 11
2 9 1
2 25 1
2 31 13
2 50 10
2 75 19
2 82 8
2 85 13
2 102 20
2 104 11
2 109 19
2 110 11
2 113 5
2 119 16
2 130 6
2 135 4
2 136 18
2 139 20
2 151 17
2 156 11
2 171 7
2 184 19
2 185 17
2 190 4
2 197 3
2 229 8
2 231 2
2 236 19
2 248 20
3 1 6
3 15 7
3 32 19
3 46 15
3 72 15
3 76 9
3 96 8
3 98 20
3 111 7
3 124 4
3 133 18
3 136 19
3 138 13
3 158 2
3 164 10
3 168 1
3 189 9
3 196 15
3 213 3
3 223 11
3 227 7
3 230 15
3 235 20
4 1 6
4 13 3
4 16 1
4 18 6
4 22 16
4 26 4
4 35 7
4 41 16
4 49 20
4 80 10
4 87 7
4 94 12
4 108 13
4 139 15
4 141 20
4 158 11
4 162 6
4 164 4
4 171 11
4 175 3
4 180 10
4 183 10
4 189 20
4 193 20
4 204 10
4 205 16
4 207 10
4 224 17
4 230 15
4 234 20
4 250 4
5 15 11
5 20 11
5 24 1
5 41 9
5 54 4
5 69 5
5 84 11
5 89 13
5 90 11
5 105 15
5 107 10
5 114 12
5 129 6
5 133 7
5 134 10
5 138 4
5 145 13
5 151 14
5 159 10
5 169 16
5 185 15
5 195 2
5 216 11
5 226 6
5 232 7
5 235 14
5 236 10
5 242 4
6 2 8
6 7 16
6 19 11
6 29 11
6 52 2
6 61 7
6 68 17
6 71 9
6 72 2
6 76 10
6 81 9
6 85 16
6 97 16
6 112 20
6 116 15
6 136 17
6 140 7
6 150 9
6 161 17
6 173 14
6 181 7
6 217 9
6 220 14
6 228 1
6 232 1
6 T 14
7 28 1
7 33 17
7 38 5
7 44 9
7 49 3
7 52 15
7 56 14
7 61 3
7 82 2
7 100 18
7 102 10
7 103 16
7 108 20
7 124 17
7 125 13
7 131 9
7 135 8
7 142 19
7 166 11
7 179 1
7 195 9
7 206 6
7 223 7
7 229 15
7 234 2
8 14 2
8 15 3
8 22 12
8 30 10
8 44 10
8 57 2
8 59 12
8 61 15
8 72 18
8 86 13
8 93 12
8 105 20
8 124 4
8 125 15
8 126 5
8 141 15
8 145 7
8 158 11
8 166 6
8 176 19
8 192 4
8 209 5
8 228 2
8 237 19
8 241 8
9 11 17
9 23 1
9 31 19
9 39 14
9 54 7
9 86 3
9 101 3
9 131 1
9 142 12
9 148 8
9 169 12
9 175 1
9 182 12
9 203 19
9 244 4
10 2 15
10 17 1
10 39 9
10 46 19
10 51 11
10 60 13
10 79 18
10 81 19
10 89 2
10 97 15
10 98 15
10 128 13
10 143 4
10 147 12
10 166 6
10 182 17
10 195 4
10 216 19
10 220 17
10 236 1
10 T 7
11 7 19
11 13 7
11 22 6
11 41 10
11 58 15
11 59 4
11 82 10
11 83 14
11 86 6
11 119 4
11 133 17
11 149 11
11 151 13
11 158 14
11 163 11
11 175 2
11 176 20
11 177 4
11 243 19
11 244 12
12 1 3
12 7 15
12 15 2
12 16 15
12 18 1
12 26 4
12 55 6
12 56 2
12 79 12
12 81 4
12 88 10
12 95 9
12 100 10
12 105 6
12 111 5
12 112 15
12 126 16
12 130 18
12 152 14
12 156 17
12 160 14
12 168 18
12 187 15
12 188 4
12 222 3
12 224 5
12 247 14
13 10 8
13 14 7
13 20 18
13 27 18
13 33 1
13 50 14
13 59 10
13 84 16
13 106 1
13 128 16
13 129 17
13 132 12
13 133 10
13 141 8
13 147 16
13 177 19
13 180 18
13 185 15
13 186 17
13 198 10
13 199 7
13 236 3
13 237 19
14 41 2
14 67 5
14 81 17
14 85 1
14 106 13
14 119 5
14 120 4
14 131 12
14 133 13
14 135 3
14 146 10
14 151 17
14 158 17
14 163 15
14 180 6
14 184 18
14 189 12
14 204 17
14 208 12
14 218 19
14 221 12
14 241 19
14 250 20
15 49 7
15 50 8
15 57 6
15 58 15
15 90 14
15 109 12
15 111 11
15 133 11
15 163 9
15 174 8
15 175 7
15 192 18
15 206 7
15 209 16
15 210 8
15 221 19
15 228 2
16 12 2
16 14 3
16 20 15
16 44 9
16 51 13
16 71 8
16 85 15
16 88 13
16 92 16
16 96 17
16 102 13
16 107 6
16 116 13
16 118 6
16 134 7
16 143 7
16 144 10
16 156 12
16 160 5
16 165 11
16 167 19
16 170 1
16 180 3
16 184 17
16 189 3
16 207 16
16 209 13
16 212 4
16 228 10
16 231 13
16 239 5
17 6 2
17 21 16
17 24 6
17 30 16
17 43 10
17 44 4
17 67 13
17 73 11
17 81 2
17 85 6
17 98 12
17 110 8
17 123 1
17 125 10
17 145 10
17 146 14
17 207 7
17 216 18
17 222 19
17 248 12
18 3 20
18 5 2
18 36 2
18 38 19
18 39 6
18 43 4
18 46 18
18 52 13
18 69 8
18 70 12
18 75 12
18 84 9
18 90 3
18 97 19
18 105 7
18 117 10
18 123 14
18 134 17
18 143 11
18 146 9
18 147 1
18 158 2
18 161 1
18 178 16
18 179 14
18 182 16
18 184 18
18 200 6
18 225 1
18 229 4
18 250 1
19 10 10
19 11 10
19 23 11
19 26 14
19 49 14
19 52 8
19 55 12
19 59 10
19 71 7
19 100 5
19 105 15
19 110 2
19 124 14
19 141 20
19 153 1
19 159 19
19 166 13
19 168 6
19 169 6
19 192 9
19 205 5
19 221 19
20 16 3
20 18 16
20 19 13
20 26 13
20 45 17
20 46 2
20 51 20
20 56 1
20 59 18
20 62 2
20 72 14
20 74 4
20 77 20
20 82 2
20 95 13
20 96 18
20 112 5
20 118 7
20 127 20
20 128 15
20 130 13
20 131 3
20 140 9
20 155 14
20 158 19
20 167 20
20 175 3
20 190 5
20 213 3
20 220 6
20 227 18
20 228 15
20 231 14
20 235 14
21 4 18
21 6 9
21 13 12
21 26 15
21 27 4
21 32 18
21 68 17
21 75 2
21 93 2
21 112 20
21 125 20
21 130 19
21 132 14
21 139 10
21 143 14
21 171 20
21 174 11
21 187 7
21 188 4
21 197 1
21 209 9
21 213 14
21 216 4
21 219 10
21 223 9
21 226 1
21 235 3
21 244 1
22 6 1
22 16 5
22 19 2
22 26 14
22 34 3
22 63 5
22 68 8
22 78 2
22 80 1
22 89 5
22 94 12
22 119 16
22 150 1
22 155 8
22 171 3
22 172 2
22 198 7
22 214 5
22 223 8
22 232 2
22 237 7
22 243 3
23 21 3
23 35 9
23 70 10
23 74 14
23 81 19
23 82 7
23 90 12
23 95 2
23 106 11
23 108 9
23 110 19
23 133 3
23 134 12
23 144 9
23 160 12
23 168 17
23 186 9
23 189 20
23 214 1
23 220 19
23 230 12
23 238 12
23 243 9
24 18 9
24 25 1
24 34 19
24 36 17
24 41 19
24 48 10
24 63 4
24 65 1
24 67 9
24 88 4
24 91 6
24 94 1
24 119 9
24 121 15
24 126 7
24 128 10
24 139 19
24 142 19
24 152 19
24 157 16
24 158 6
24 162 1
24 169 16
24 180 19
24 181 20
24 185 5
24 190 12
24 211 12
24 222 9
24 233 4
24 236 7
25 2 16
25 5 8
25 13 3
25 15 4
25 16 5
25 18 13
25 20 3
25 22 14
25 41 15
25 46 9
25 52 16
25 63 1
25 74 4
25 75 13
25 80 14
25 84 14
25 95 12
25 97 19
25 113 3
25 126 4
25 128 12
25 144 7
25 150 16
25 152 9
25 156 8
25 175 12
25 177 2
25 181 8
25 195 20
25 232 10
25 234 7
26 7 17
26 13 10
26 17 3
26 22 7
26 29 6
26 52 10
26 79 13
26 91 20
26 96 10
26 101 11
26 113 3
26 119 15
26 120 9
26 129 14
26 134 9
26 140 20
26 152 7
26 154 18
26 189 2
26 206 4
26 209 9
26 213 14
26 236 8
26 239 12
26 249 15
26 T 6
27 6 19
27 18 11
27 45 18
27 50 17
27 58 12
27 68 12
27 82 10
27 86 14
27 110 16
27 135 8
27 137 9
27 156 2
27 168 19
27 171 15
27 184 7
27 196 9
27 199 20
27 205 8
27 218 16
27 220 16
27 224 10
27 230 20
28 8 17
28 15 13
28 17 15
28 48 6
28 61 19
28 110 3
28 132 5
28 136 2
28 149 10
28 153 13
28 161 20
28 166 4
28 167 13
28 186 1
28 199 10
28 202 11
28 212 19
28 218 1
28 221 3
28 225 2
28 242 8
28 243 19
29 18 18
29 62 2
29 68 19
29 73 20
29 75 20
29 84 19
29 90 4
29 92 13
29 97 12
29 114 5
29 122 9
29 146 20
29 150 11
29 151 7
29 160 17
29 178 7
29 182 14
29 212 5
29 216 18
29 217 1
29 245 16
29 248 12
30 4 15
30 12 16
30 27 18
30 32 11
30 33 1
30 38 15
30 45 11
30 46 19
30 55 11
30 69 13
30 83 19
30 100 18
30 102 19
30 107 14
30 119 6
30 137 11
30 138 5
30 142 20
30 151 8
30 164 6
30 165 12
30 174 4
30 180 10
30 181 17
30 188 5
30 202 7
30 212 19
30 223 12
30 232 17
30 241 1
30 245 9
30 246 6
30 248 14
30 250 8
31 23 3
31 30 16
31 35 5
31 42 18
31 68 10
31 72 6
31 74 6
31 80 5
31 81 19
31 101 14
31 103 3
31 115 4
31 137 2
31 140 2
31 141 5
31 150 11
31 185 8
31 196 5
31 197 20
31 206 20
31 208 1
31 222 12
31 227 4
31 234 14
32 4 12
32 7 19
32 12 5
32 41 4
32 46 16
32 62 7
32 70 2
32 73 13
32 86 19
32 95 1
32 97 11
32 104 18
32 110 7
32 118 1
32 123 17
32 125 6
32 129 9
32 133 3
32 143 1
32 148 3
32 168 9
32 189 20
32 202 16
32 227 3
32 237 3
32 241 14
32 247 16
33 1 3
33 3 17
33 14 5
33 29 18
33 31 7
33 46 19
33 61 8
33 78 8
33 84 16
33 87 1
33 93 13
33 114 6
33 120 9
33 123 7
33 128 1
33 133 17
33 141 12
33 158 10
33 159 13
33 160 19
33 173 7
33 177 10
33 191 19
33 202 20
33 204 10
33 213 19
33 237 12
33 238 16
33 241 9
33 248 8
33 249 12
33 250 10
34 12 1
34 19 4
34 37 16
34 39 19
34 40 6
34 46 4
34 51 8
34 72 4
34 73 2
34 118 12
34 120 8
34 125 7
34 133 13
34 138 13
34 144 11
34 205 14
34 229 1
34 233 2
34 240 4
34 244 7
34 249 11
35 12 12
35 15 13
35 19 16
35 23 13
35 26 16
35 28 18
35 30 20
35 47 11
35 66 16
35 73 8
35 74 15
35 96 12
35 117 2
35 126 7
35 135 7
35 138 6
35 159 5
35 165 14
35 182 5
35 190 13
35 236 13
35 237 1
35 240 19
36 17 15
36 25 9
36 43 13
36 53 9
36 57 17
36 67 16
36 77 10
36 87 10
36 93 7
36 118 18
36 125 17
36 156 17
36 163 10
36 187 19
36 199 14
36 229 3
36 230 18
37 27 18
37 36 17
37 38 14
37 52 10
37 54 1
37 66 4
37 77 19
37 93 18
37 108 3
37 122 20
37 126 3
37 141 5
37 155 2
37 160 19
37 173 15
37 183 5
37 188 12
37 197 7
37 207 20
37 212 5
37 229 13
37 242 14
37 245 8
38 7 9
38 9 7
38 22 2
38 35 3
38 74 1
38 76 19
38 79 6
38 89 6
38 90 11
38 92 14
38 99 4
38 101 17
38 102 18
38 127 2
38 137 11
38 148 12
38 153 7
38 172 8
38 175 19
38 176 12
38 182 3
38 187 2
38 191 3
38 192 8
38 193 15
38 233 17
38 242 7
38 246 17
38 249 3
39 5 16
39 6 17
39 9 14
39 34 9
39 37 6
39 40 7
39 42 17
39 48 6
39 52 13
39 65 3
39 70 12
39 77 11
39 85 19
39 88 3
39 92 8
39 126 13
39 132 7
39 141 18
39 142 5
39 151 20
39 175 1
39 176 8
39 178 4
39 187 15
39 197 1
39 199 12
39 205 16
39 212 6
39 214 18
39 215 8
39 219 3
39 225 1
39 236 9
39 245 2
39 T 12
40 21 13
40 28 5
40 33 18
40 34 19
40 45 5
40 50 11
40 90 15
40 94 3
40 96 15
40 110 2
40 138 5
40 140 17
40 148 15
40 150 8
40 160 12
40 161 19
40 162 7
40 176 15
40 192 2
40 208 11
40 217 19
40 219 15
40 227 4
40 231 11
40 233 8
41 6 17
41 8 4
41 14 4
41 32 1
41 36 5
41 48 1
41 49 2
41 75 10
41 83 14
41 103 4
41 109 11
41 120 7
41 135 9
41 153 5
41 166 14
41 173 6
41 180 5
41 187 5
41 201 18
41 209 4
41 210 18
41 216 12
41 223 9
41 226 18
41 228 13
41 231 6
41 240 5
42 22 18
42 27 7
42 29 10
42 30 5
42 40 15
42 61 12
42 67 2
42 98 18
42 104 20
42 105 8
42 115 16
42 117 16
42 120 4
42 121 12
42 125 6
42 133 10
42 141 5
42 150 10
42 153 10
42 169 14
42 177 16
42 178 11
42 209 12
42 224 20
42 234 20
42 235 3
42 245 14
43 1 7
43 19 4
43 38 5
43 50 5
43 56 5
43 58 8
43 62 4
43 71 18
43 78 5
43 83 6
43 91 10
43 105 20
43 116 16
43 142 17
43 145 7
43 149 1
43 151 5
43 155 4
43 164 15
43 176 10
43 203 20
43 223 16
43 227 3
43 242 15
44 11 1
44 33 3
44 34 13
44 42 1
44 45 1
44 56 6
44 62 9
44 89 18
44 90 5
44 104 20
44 109 10
44 115 12
44 123 19
44 135 9
44 136 20
44 139 4
44 143 4
44 160 5
44 161 14
44 163 8
44 167 12
44 173 8
44 194 4
44 199 7
44 223 14
44 224 20
44 245 12
44 247 4
44 250 8
45 8 8
45 27 5
45 35 20
45 38 18
45 44 1
45 51 3
45 59 12
45 63 16
45 66 15
45 75 10
45 82 18
45 96 20
45 110 20
45 114 16
45 121 17
45 136 17
45 142 3
45 154 7
45 160 18
45 176 10
45 179 18
45 184 19
45 200 16
45 223 15
45 226 13
45 239 7
45 246 8
46 24 3
46 35 5
46 52 19
46 58 15
46 63 3
46 67 9
46 104 20
46 109 4
46 112 18
46 131 3
46 138 15
46 139 7
46 177 16
46 191 5
46 192 18
46 211 12
46 235 3
46 240 16
47 7 16
47 10 17
47 11 5
47 22 8
47 25 4
47 44 20
47 46 20
47 51 6
47 55 2
47 61 17
47 65 1
47 84 6
47 92 11
47 99 1
47 109 6
47 111 20
47 117 14
47 119 14
47 128 12
47 133 4
47 154 18
47 156 15
47 165 9
47 184 7
47 185 8
47 210 18
47 225 4
47 239 2
47 250 7
48 7 3
48 9 17
48 20 2
48 21 17
48 60 20
48 61 11
48 70 1
48 80 14
48 86 16
48 100 4
48 110 16
48 111 8
48 129 8
48 162 1
48 165 19
48 175 3
48 176 11
48 196 16
48 205 2
48 217 12
48 225 12
48 229 5
48 233 1
48 240 6
48 250 13
48 T 13
49 8 18
49 10 20
49 11 19
49 13 11
49 22 17
49 32 14
49 34 19
49 40 15
49 47 20
49 65 7
49 66 11
49 76 14
49 106 7
49 117 19
49 118 10
49 124 2
49 125 5
49 137 1
49 159 15
49 178 19
49 207 6
49 214 15
49 215 16
49 217 4
49 229 3
49 250 17
50 3 16
50 5 19
50 8 2
50 29 3
50 32 14
50 59 9
50 74 13
50 80 19
50 96 13
50 106 9
50 120 13
50 141 8
50 143 4
50 155 12
50 185 11
50 211 3
50 219 10
50 229 18
50 239 16
51 2 19
51 8 12
51 11 20
51 16 19
51 21 9
51 31 18
51 33 13
51 37 8
51 73 3
51 88 15
51 100 6
51 102 20
51 119 19
51 147 7
51 150 17
51 175 14
51 194 10
51 213 6
51 215 8
51 225 2
51 235 16
51 249 7
52 12 19
52 21 20
52 30 3
52 32 17
52 45 5
52 48 6
52 58 7
52 63 7
52 83 9
52 92 15
52 101 9
52 120 7
52 121 5
52 132 7
52 147 20
52 174 16
52 178 9
52 193 17
52 205 15
52 224 11
52 227 8
52 245 2
52 T 7
53 7 8
53 11 16
53 23 9
53 26 17
53 36 14
53 39 2
53 43 4
53 48 19
53 52 19
53 92 7
53 99 7
53 100 11
53 104 11
53 116 1
53 158 6
53 175 10
53 192 3
53 193 11
53 195 7
53 207 1
53 217 12
53 230 16
54 5 5
54 7 5
54 12 18
54 14 7
54 18 6
54 48 10
54 49 10
54 60 17
54 72 20
54 74 1
54 81 5
54 89 19
54 90 8
54 101 20
54 104 8
54 119 8
54 146 20
54 157 8
54 165 6
54 186 14
54 202 9
54 207 3
54 232 18
54 242 5
55 2 16
55 35 3
55 39 4
55 59 16
55 66 2
55 111 19
55 112 13
55 116 1
55 134 8
55 137 19
55 154 18
55 163 10
55 173 8
55 175 16
55 202 9
55 210 10
55 249 13
55 T 4
56 16 2
56 31 5
56 41 8
56 74 7
56 97 18
56 99 14
56 111 7
56 118 18
56 141 4
56 145 3
56 148 7
56 159 10
56 170 17
56 171 18
56 174 10
56 175 1
56 184 3
56 188 15
56 189 20
56 227 6
56 238 8
56 241 8
57 5 4
57 6 3
57 36 19
57 42 1
57 56 15
57 62 9
57 71 16
57 87 17
57 89 5
57 100 19
57 101 16
57 117 6
57 136 1
57 154 3
57 169 18
57 184 1
57 188 6
57 195 18
57 204 7
57 211 8
57 214 1
57 224 10
57 245 7
57 248 12
58 6 7
58 8 1
58 14 3
58 15 20
58 16 2
58 19 9
58 38 13
58 39 17
58 64 10
58 75 2
58 88 19
58 97 15
58 99 12
58 107 12
58 121 15
58 130 13
58 132 9
58 135 4
58 153 16
58 157 19
58 163 9
58 178 3
58 193 14
58 202 5
58 206 20
58 209 2
58 215 1
58 236 13
58 240 19
59 13 9
59 28 5
59 41 15
59 68 7
59 76 12
59 100 6
59 109 9
59 126 17
59 137 14
59 142 5
59 143 2
59 159 1
59 162 12
59 178 17
59 194 2
59 197 15
59 199 15
59 202 19
59 216 20
59 233 1
59 234 2
59 T 6
60 6 17
60 20 18
60 28 17
60 50 7
60 64 19
60 68 18
60 89 6
60 105 20
60 109 4
60 115 18
60 125 4
60 130 17
60 131 15
60 161 10
60 169 11
60 206 11
60 212 13
60 227 4
60 250 1
61 8 15
61 34 4
61 36 17
61 65 6
61 71 11
61 89 11
61 90 2
61 111 2
61 180 10
61 191 3
61 206 14
61 207 14
62 1 19
62 2 20
62 10 12
62 47 8
62 51 10
62 70 4
62 88 6
62 93 5
62 106 2
62 118 20
62 120 16
62 122 5
62 135 8
62 144 12
62 146 13
62 157 19
62 187 11
62 192 4
62 195 4
62 209 1
62 217 12
62 224 18
62 230 16
62 234 1
62 235 2
62 246 15
62 247 18
63 26 18
63 31 10
63 32 1
63 47 14
63 49 19
63 64 5
63 70 12
63 79 3
63 88 12
63 103 7
63 107 19
63 118 8
63 125 7
63 127 18
63 133 18
63 148 17
63 182 17
63 208 7
63 214 1
63 215 14
63 218 16
63 224 3
63 229 2
63 238 4
63 241 19
63 242 20
64 11 1
64 16 9
64 21 19
64 25 7
64 37 16
64 68 8
64 104 4
64 107 3
64 109 2
64 119 3
64 121 4
64 129 18
64 144 16
64 153 17
64 173 10
64 196 8
64 218 7
64 225 17
64 240 17
64 243 15
65 3 9
65 10 14
65 12 17
65 15 17
65 16 10
65 19 19
65 22 13
65 36 20
65 38 14
65 48 1
65 63 6
65 82 10
65 85 2
65 86 18
65 100 17
65 109 4
65 114 12
65 131 18
65 137 6
65 144 18
65 146 7
65 166 16
65 174 11
65 184 14
65 206 1
65 208 20
65 209 7
65 220 13
65 223 9
65 231 15
65 234 3
66 8 3
66 14 4
66 21 8
66 28 7
66 29 5
66 33 17
66 47 8
66 52 12
66 53 11
66 56 4
66 58 3
66 72 8
66 87 12
66 98 13
66 100 14
66 106 18
66 132 15
66 134 12
66 135 1
66 150 11
66 156 15
66 167 16
66 177 1
66 182 8
66 183 16
66 190 16
66 194 2
66 195 8
66 197 10
66 203 18
66 220 18
66 224 15
66 226 9
67 2 10
67 3 2
67 16 15
67 26 19
67 44 3
67 50 8
67 64 1
67 80 9
67 96 19
67 108 14
67 112 6
67 125 15
67 132 9
67 144 12
67 147 19
67 161 18
67 163 3
67 182 2
67 188 13
67 192 7
67 196 19
67 210 19
67 214 13
67 217 3
67 220 4
67 223 15
67 236 4
68 14 14
68 15 14
68 16 11
68 28 3
68 78 13
68 81 11
68 102 6
68 106 1
68 112 11
68 122 5
68 133 14
68 134 4
68 136 2
68 137 19
68 141 19
68 184 9
68 190 12
68 195 9
68 205 6
68 207 7
68 213 19
68 214 2
68 228 1
68 245 10
69 13 18
69 24 11
69 25 14
69 27 9
69 39 1
69 43 9
69 50 6
69 55 20
69 62 2
69 64 20
69 71 15
69 92 16
69 99 4
69 101 17
69 120 8
69 127 8
69 136 17
69 155 17
69 159 7
69 161 18
69 173 13
69 176 20
69 188 14
69 190 15
69 238 1
69 241 15
70 18 15
70 23 11
70 32 3
70 37 13
70 64 10
70 94 19
70 121 19
70 127 3
70 159 12
70 176 1
70 190 7
70 200 5
70 215 4
70 222 10
70 240 15
71 2 16
71 3 13
71 11 6
71 29 14
71 32 11
71 37 2
71 49 2
71 56 20
71 57 4
71 67 12
71 82 8
71 100 11
71 105 15
71 107 16
71 119 15
71 122 2
71 132 18
71 135 1
71 136 5
71 141 11
71 143 19
71 155 11
71 169 3
71 174 1
71 176 10
71 180 8
71 181 2
71 183 18
71 202 9
71 211 14
71 215 16
71 235 18
71 237 3
71 250 7
72 4 2
72 11 1
72 12 17
72 16 9
72 26 17
72 29 16
72 35 19
72 41 2
72 49 7
72 84 19
72 89 12
72 90 13
72 97 18
72 107 3
72 132 18
72 144 11
72 145 8
72 157 17
72 163 18
72 172 17
72 175 4
72 203 14
72 207 11
72 219 11
72 226 13
72 227 9
72 240 20
73 6 1
73 7 3
73 16 17
73 25 8
73 34 12
73 38 16
73 52 16
73 61 15
73 63 1
73 68 9
73 87 2
73 102 3
73 103 19
73 118 1
73 123 20
73 132 4
73 182 14
73 184 19
73 196 8
73 201 13
73 202 13
73 206 10
73 211 15
73 212 1
73 232 7
73 235 10
73 237 19
73 243 8
73 246 4
74 8 4
74 18 20
74 42 16
74 48 5
74 54 9
74 68 2
74 72 9
74 75 6
74 76 19
74 80 17
74 110 12
74 113 15
74 125 7
74 139 6
74 146 10
74 149 4
74 163 4
74 167 13
74 173 14
74 175 5
74 180 7
74 192 14
74 198 2
74 209 3
74 214 13
74 225 16
74 238 8
74 239 12
74 248 15
75 2 9
75 11 16
75 46 17
75 47 9
75 64 20
75 68 17
75 73 13
75 80 19
75 86 9
75 88 19
75 137 15
75 144 2
75 163 10
75 169 16
75 188 2
75 190 12
75 193 9
75 205 3
75 213 5
75 236 1
75 240 3
75 243 8
75 250 12
75 T 5
76 2 16
76 10 17
76 25 3
76 26 8
76 32 5
76 35 1
76 41 20
76 46 20
76 51 5
76 54 14
76 56 3
76 75 3
76 77 7
76 78 3
76 90 20
76 134 4
76 137 17
76 147 10
76 152 9
76 165 5
76 170 1
76 206 11
76 210 20
76 213 16
76 216 9
76 218 13
76 226 13
76 236 12
76 239 5
77 15 4
77 28 20
77 40 7
77 41 6
77 49 19
77 57 7
77 58 18
77 59 17
77 62 7
77 64 16
77 73 4
77 85 10
77 92 17
77 98 19
77 103 17
77 117 16
77 123 7
77 125 7
77 144 6
77 156 15
77 158 10
77 160 8
77 166 19
77 183 12
77 197 18
77 209 10
77 234 14
77 249 4
78 10 9
78 15 11
78 18 15
78 19 9
78 34 20
78 46 20
78 48 14
78 56 15
78 59 12
78 64 13
78 67 8
78 70 11
78 76 17
78 95 1
78 113 17
78 115 11
78 116 14
78 122 10
78 123 3
78 144 9
78 146 12
78 148 17
78 149 16
78 167 19
78 183 16
78 195 4
78 203 14
78 208 18
78 209 8
78 226 16
78 233 11
78 241 17
79 6 11
79 12 19
79 33 16
79 41 19
79 48 17
79 51 6
79 57 8
79 78 2
79 84 6
79 86 20
79 96 11
79 101 7
79 102 15
79 106 7
79 112 18
79 120 18
79 126 14
79 129 6
79 150 6
79 153 15
79 183 7
79 184 10
79 192 7
79 205 14
79 233 5
79 235 9
79 243 19
79 247 3
80 2 16
80 18 14
80 19 20
80 30 6
80 41 20
80 44 13
80 48 11
80 85 5
80 92 19
80 93 4
80 104 13
80 126 5
80 135 5
80 137 12
80 141 15
80 154 11
80 156 2
80 163 7
80 169 6
80 171 2
80 183 4
80 185 17
80 190 4
80 195 3
80 201 12
80 205 6
80 236 5
80 240 8
80 244 1
81 13 17
81 27 10
81 34 14
81 38 4
81 56 7
81 62 17
81 64 3
81 66 13
81 69 9
81 83 17
81 90 19
81 117 14
81 120 11
81 123 16
81 142 1
81 145 5
81 158 12
81 159 10
81 169 5
81 186 2
81 191 15
81 193 14
81 202 3
81 210 20
81 214 6
81 217 20
81 225 17
81 226 14
81 242 7
81 248 14
82 8 1
82 14 16
82 28 2
82 46 20
82 117 13
82 118 8
82 129 2
82 133 8
82 134 3
82 140 10
82 145 18
82 161 1
82 163 9
82 175 1
82 204 7
82 214 11
82 217 20
82 224 12
82 231 15
82 234 2
82 246 12
82 249 14
83 14 4
83 16 9
83 17 4
83 24 18
83 31 6
83 54 7
83 56 5
83 66 12
83 73 11
83 90 15
83 102 1
83 104 12
83 105 7
83 107 17
83 125 15
83 135 13
83 141 7
83 152 11
83 171 3
83 213 5
83 224 12
83 225 14
83 231 17
83 237 5
83 241 19
84 1 5
84 9 10
84 10 2
84 19 17
84 34 17
84 46 15
84 56 1
84 81 10
84 97 15
84 98 20
84 110 17
84 129 20
84 137 11
84 141 1
84 142 15
84 150 17
84 175 4
84 178 1
84 195 11
84 196 1
84 198 2
84 220 14
84 222 3
84 228 1
84 231 4
84 250 17
85 6 9
85 9 5
85 23 8
85 34 9
85 49 8
85 50 4
85 55 12
85 61 14
85 80 17
85 86 13
85 90 2
85 94 11
85 95 5
85 112 2
85 140 8
85 150 4
85 155 13
85 188 15
85 197 11
85 220 10
85 224 5
85 227 4
85 242 14
86 3 16
86 22 17
86 25 7
86 35 13
86 46 13
86 53 10
86 56 10
86 63 13
86 75 17
86 82 11
86 85 10
86 103 11
86 116 9
86 118 7
86 125 15
86 158 8
86 176 10
86 182 2
86 184 7
86 188 11
86 189 17
86 190 6
86 210 14
86 222 9
86 238 12
86 242 9
86 250 15
86 T 5
87 3 2
87 8 9
87 13 17
87 30 13
87 49 4
87 52 7
87 54 6
87 62 6
87 73 14
87 74 9
87 76 7
87 77 9
87 83 12
87 97 9
87 104 4
87 117 19
87 120 8
87 123 18
87 130 12
87 145 11
87 154 12
87 155 14
87 180 17
87 184 1
87 198 13
87 215 20
87 217 1
87 218 1
87 222 15
87 231 2
87 241 20
87 243 10
87 244 2
88 1 2
88 29 4
88 36 10
88 52 19
88 56 6
88 59 1
88 60 7
88 72 10
88 91 14
88 93 12
88 94 10
88 96 10
88 99 16
88 103 4
88 118 18
88 121 7
88 122 1
88 130 20
88 157 5
88 160 19
88 179 8
88 183 13
88 197 20
88 204 3
88 207 10
88 210 18
88 217 19
88 222 17
88 223 15
88 228 2
88 234 9
88 241 11
89 47 10
89 61 12
89 66 8
89 73 8
89 75 5
89 111 11
89 116 9
89 120 9
89 135 4
89 137 10
89 151 18
89 155 9
89 165 7
89 166 18
89 167 9
89 173 16
89 178 13
89 190 13
89 193 19
89 196 9
89 201 14
89 212 16
89 215 16
89 216 20
89 231 20
90 21 16
90 30 6
90 51 1
90 71 10
90 72 2
90 76 17
90 87 2
90 108 19
90 115 3
90 118 20
90 122 10
90 125 14
90 132 19
90 158 8
90 159 17
90 162 12
90 186 9
90 190 11
90 200 3
90 204 20
90 210 9
90 218 5
90 220 17
90 225 3
90 229 20
90 250 17
91 2 18
91 12 8
91 24 1
91 54 5
91 55 18
91 56 9
91 57 15
91 59 9
91 64 13
91 93 1
91 109 18
91 111 13
91 118 4
91 119 2
91 125 9
91 147 3
91 150 12
91 151 10
91 159 11
91 181 1
91 184 11
91 185 7
91 198 20
91 221 4
91 222 19
91 245 2
92 3 19
92 5 2
92 16 17
92 39 9
92 45 4
92 53 7
92 66 9
92 76 18
92 84 16
92 87 9
92 91 12
92 100 13
92 112 12
92 120 12
92 126 14
92 140 5
92 160 6
92 169 7
92 191 1
92 213 13
92 217 10
92 239 18
92 249 20
93 14 13
93 24 9
93 27 16
93 32 16
93 37 17
93 57 19
93 60 19
93 69 4
93 72 18
93 90 2
93 109 3
93 142 7
93 150 14
93 165 19
93 167 16
93 178 7
93 185 8
93 187 8
93 191 15
93 201 12
93 205 9
93 209 15
93 215 6
93 221 8
93 242 12
93 247 1
93 250 10
94 24 2
94 40 5
94 54 18
94 56 19
94 78 7
94 99 1
94 105 15
94 116 5
94 144 8
94 156 9
94 161 19
94 163 16
94 175 20
94 176 7
94 178 18
94 193 11
94 204 20
94 232 2
94 235 10
94 248 9
94 250 3
94 T 18
95 11 11
95 18 19
95 31 9
95 47 6
95 54 2
95 61 16
95 85 3
95 86 20
95 99 1
95 118 15
95 133 1
95 157 11
95 158 17
95 165 1
95 172 9
95 176 9
95 190 2
95 194 18
95 222 4
95 230 10
96 3 17
96 13 2
96 18 13
96 23 13
96 31 16
96 33 3
96 48 7
96 55 20
96 56 11
96 71 15
96 89 14
96 105 16
96 108 14
96 114 9
96 121 2
96 123 8
96 131 5
96 134 13
96 138 4
96 182 13
96 204 7
96 207 9
96 228 10
96 237 9
96 241 19
96 244 8
97 15 15
97 17 20
97 18 6
97 40 2
97 44 18
97 48 18
97 51 3
97 56 10
97 65 6
97 68 20
97 69 7
97 73 3
97 76 6
97 87 13
97 95 6
97 108 8
97 109 18
97 142 9
97 144 4
97 156 11
97 157 14
97 175 15
97 181 12
97 182 14
97 195 1
97 204 13
97 205 3
97 211 4
97 219 19
97 245 11
98 13 19
98 25 8
98 46 17
98 50 4
98 51 1
98 55 17
98 64 6
98 67 19
98 71 1
98 76 6
98 88 11
98 94 19
98 106 10
98 123 2
98 135 15
98 181 3
98 186 17
98 192 2
98 202 10
98 204 4
98 217 9
98 232 11
98 233 19
98 237 7
98 242 19
98 244 5
98 245 3
98 250 2
99 13 4
99 29 19
99 30 7
99 31 1
99 58 4
99 66 4
99 68 8
99 72 4
99 74 3
99 79 5
99 83 3
99 93 2
99 95 20
99 98 7
99 108 1
99 160 11
99 164 1
99 182 7
99 186 18
99 197 4
99 221 15
99 234 14
99 249 8
99 250 20
100 3 15
100 7 3
100 21 15
100 44 9
100 48 10
100 60 15
100 63 4
100 81 4
100 85 15
100 87 7
100 94 17
100 109 9
100 113 4
100 117 8
100 118 3
100 124 9
100 135 12
100 136 4
100 137 4
100 138 8
100 139 2
100 145 14
100 172 16
100 185 11
100 186 9
100 188 10
100 192 7
100 197 10
100 203 15
100 236 13
100 238 14
100 240 4
101 6 5
101 26 9
101 43 4
101 44 13
101 54 15
101 89 14
101 108 16
101 110 15
101 128 8
101 132 18
101 133 20
101 142 1
101 152 19
101 154 11
101 156 15
101 159 8
101 167 4
101 170 15
101 190 10
101 195 4
101 196 17
101 198 1
101 202 14
101 221 19
101 223 8
101 225 14
101 226 1
101 231 14
101 242 15
101 245 10
102 4 7
102 29 10
102 34 16
102 46 4
102 57 19
102 72 7
102 82 6
102 83 20
102 85 11
102 99 5
102 106 7
102 137 6
102 140 17
102 170 5
102 200 15
102 201 16
102 209 17
102 214 4
102 223 5
102 226 15
102 234 8
103 19 17
103 24 18
103 49 9
103 59 19
103 60 14
103 61 7
103 72 5
103 78 13
103 80 12
103 83 16
103 128 6
103 141 11
103 144 1
103 148 17
103 149 17
103 152 14
103 156 15
103 166 18
103 210 5
103 236 2
103 247 10
103 250 4
103 T 7
104 17 9
104 22 7
104 33 7
104 40 18
104 41 5
104 52 20
104 58 2
104 70 3
104 76 14
104 77 5
104 78 13
104 92 7
104 97 20
104 136 9
104 138 11
104 141 8
104 156 3
104 161 12
104 167 2
104 171 10
104 185 15
104 187 5
104 192 19
104 195 8
104 201 3
104 214 2
104 228 9
104 231 18
104 233 8
104 245 10
104 247 5
105 2 5
105 16 4
105 22 15
105 46 6
105 75 20
105 81 13
105 84 13
105 104 4
105 108 2
105 115 8
105 118 19
105 119 2
105 144 17
105 168 15
105 173 17
105 178 6
105 183 11
105 188 16
105 215 3
105 227 11
105 240 12
106 5 2
106 10 19
106 13 13
106 16 13
106 19 14
106 24 6
106 64 3
106 93 5
106 95 9
106 113 6
106 119 8
106 151 3
106 159 5
106 168 9
106 207 7
106 222 2
106 246 18
107 22 9
107 30 14
107 38 3
107 64 14
107 66 16
107 74 8
107 83 14
107 86 12
107 94 18
107 98 8
107 112 10
107 119 19
107 121 12
107 125 6
107 141 7
107 145 15
107 147 19
107 148 14
107 150 2
107 152 3
107 157 9
107 162 17
107 181 1
107 190 5
107 210 1
107 222 8
107 239 8
108 18 15
108 20 7
108 46 8
108 50 13
108 54 7
108 56 3
108 74 18
108 79 14
108 95 1
108 97 14
108 119 19
108 127 13
108 138 17
108 149 16
108 153 7
108 163 3
108 166 16
108 171 1
108 202 2
108 221 2
108 224 16
108 230 8
108 232 16
108 233 3
109 12 12
109 16 4
109 19 19
109 50 10
109 52 11
109 56 3
109 62 8
109 67 18
109 68 4
109 76 5
109 78 11
109 104 17
109 122 2
109 170 13
109 190 16
109 196 20
109 197 1
109 219 14
109 232 20
109 234 6
109 250 15
110 69 6
110 74 15
110 78 20
110 90 16
110 95 17
110 99 8
110 102 3
110 124 20
110 126 12
110 128 9
110 132 3
110 136 5
110 151 7
110 166 4
110 178 9
110 186 14
110 193 19
110 203 15
110 211 3
110 212 17
110 215 6
110 233 14
110 245 7
110 246 7
111 2 7
111 20 4
111 42 13
111 43 17
111 44 14
111 76 11
111 98 20
111 99 6
111 101 13
111 110 2
111 113 19
111 114 3
111 121 8
111 159 10
111 161 7
111 169 2
111 180 6
111 191 11
111 192 2
111 194 1
111 196 1
111 202 7
111 214 5
111 215 2
111 216 6
111 217 11
111 226 10
111 230 16
111 231 18
111 232 19
111 236 15
111 241 7
111 248 19
112 8 6
112 17 11
112 32 20
112 41 9
112 52 14
112 53 3
112 57 1
112 91 18
112 94 13
112 95 16
112 96 5
112 100 20
112 113 4
112 122 5
112 136 7
112 138 6
112 139 16
112 146 15
112 161 3
112 173 15
112 178 7
112 180 14
112 192 10
112 194 10
112 202 4
112 203 9
112 216 4
112 226 12
112 231 14
112 238 11
112 239 18
112 245 12
112 248 4
113 25 18
113 45 8
113 67 18
113 89 7
113 118 9
113 121 3
113 128 1
113 130 6
113 145 3
113 160 9
113 168 10
113 181 4
113 193 1
113 209 20
113 211 12
113 216 3
113 217 9
113 222 15
113 241 20
113 244 17
113 247 3
114 7 15
114 12 14
114 23 9
114 29 3
114 32 7
114 43 11
114 65 15
114 69 16
114 71 5
114 77 3
114 84 7
114 86 16
114 89 15
114 108 7
114 130 14
114 141 5
114 146 19
114 147 11
114 157 14
114 166 9
114 167 19
114 175 2
114 176 5
114 177 5
114 180 1
114 199 1
114 210 6
114 226 11
114 241 15
115 17 5
115 28 13
115 34 16
115 48 19
115 60 16
115 76 12
115 82 1
115 114 7
115 127 7
115 130 18
115 149 11
115 152 7
115 172 10
115 178 10
115 180 13
115 185 18
115 186 15
115 193 4
115 213 13
115 217 15
115 221 1
115 227 16
115 228 19
115 232 20
115 245 8
116 44 4
116 58 16
116 83 7
116 111 3
116 126 19
116 173 17
116 182 6
116 187 1
116 193 4
116 197 16
116 198 3
116 218 9
116 220 10
116 228 15
116 238 4
116 239 1
117 20 14
117 33 7
117 48 12
117 53 2
117 58 9
117 75 5
117 91 13
117 93 3
117 102 6
117 115 18
117 118 10
117 133 18
117 137 3
117 140 7
117 152 5
117 155 16
117 170 2
117 195 15
117 209 10
117 212 8
117 215 14
117 238 2
117 249 6
118 10 19
118 54 12
118 60 12
118 64 4
118 66 1
118 74 19
118 75 4
118 77 3
118 88 10
118 91 7
118 101 14
118 110 3
118 121 4
118 122 11
118 129 17
118 134 19
118 141 2
118 151 15
118 163 4
118 169 12
118 171 13
118 174 2
118 177 16
118 181 16
118 190 3
118 200 18
118 202 1
118 208 5
118 231 9
118 247 17
119 1 17
119 5 15
119 6 18
119 16 7
119 30 5
119 36 5
119 37 17
119 42 10
119 80 12
119 85 16
119 99 15
119 108 18
119 129 1
119 134 16
119 141 15
119 145 1
119 153 1
119 159 9
119 169 10
119 181 20
119 192 2
119 194 20
119 195 3
119 208 16
119 247 11
120 10 8
120 11 12
120 16 13
120 19 18
120 51 19
120 77 8
120 92 13
120 98 6
120 99 11
120 103 1
120 104 16
120 109 20
120 128 8
120 131 6
120 140 3
120 141 5
120 164 7
120 169 2
120 174 1
120 182 12
120 194 18
120 199 19
120 208 7
120 231 11
120 240 6
121 19 20
121 51 18
121 60 20
121 63 6
121 71 17
121 75 10
121 85 18
121 92 17
121 109 1
121 111 3
121 145 6
121 167 2
121 175 17
121 180 12
121 198 3
121 205 20
121 211 3
121 213 9
121 215 16
121 217 16
121 218 1
121 222 7
122 15 15
122 20 18
122 21 6
122 26 18
122 28 14
122 34 11
122 42 10
122 93 20
122 96 14
122 109 19
122 114 1
122 116 20
122 120 13
122 121 9
122 133 7
122 142 16
122 148 2
122 164 14
122 177 20
122 183 8
122 192 8
122 203 9
122 214 17
122 222 10
122 227 10
122 231 15
122 234 8
123 2 10
123 6 2
123 28 19
123 34 7
123 39 17
123 44 5
123 57 2
123 76 17
123 96 5
123 102 19
123 104 17
123 121 8
123 144 17
123 148 5
123 156 8
123 158 1
123 167 6
123 169 10
123 170 11
123 179 2
123 180 16
123 186 12
123 190 8
123 191 14
123 198 6
123 200 15
123 207 12
123 215 18
123 223 14
123 227 13
123 244 15
123 250 3
123 T 8
124 12 12
124 25 17
124 34 11
124 59 5
124 70 16
124 79 20
124 82 4
124 83 12
124 93 15
124 94 17
124 95 15
124 106 20
124 112 8
124 122 8
124 126 13
124 151 10
124 163 16
124 179 2
124 182 6
124 214 2
124 217 18
124 218 11
124 231 11
124 242 12
125 7 6
125 24 20
125 32 12
125 38 2
125 42 18
125 72 17
125 93 17
125 112 4
125 113 8
125 126 10
125 148 10
125 149 20
125 154 20
125 155 4
125 161 19
125 167 3
125 190 19
125 191 13
125 221 14
125 232 3
125 236 11
125 248 5
126 3 7
126 20 7
126 21 14
126 30 17
126 33 1
126 65 15
126 77 10
126 79 15
126 85 19
126 131 1
126 139 8
126 152 3
126 153 9
126 154 19
126 155 9
126 163 12
126 174 18
126 179 13
126 180 19
126 189 20
126 191 17
126 198 1
126 204 19
126 205 16
126 214 9
126 236 6
126 244 19
127 1 1
127 3 1
127 5 18
127 10 5
127 18 3
127 34 20
127 42 3
127 50 14
127 52 6
127 78 8
127 83 20
127 96 13
127 101 2
127 143 19
127 165 10
127 168 5
127 176 20
127 193 10
127 204 16
127 221 10
128 26 13
128 30 11
128 31 11
128 45 16
128 56 14
128 88 20
128 118 8
128 135 4
128 154 4
128 156 3
128 175 13
128 196 11
128 214 13
128 221 9
128 232 18
129 38 16
129 40 15
129 46 12
129 48 9
129 74 11
129 83 18
129 112 3
129 113 17
129 139 2
129 147 8
129 152 17
129 156 12
129 158 13
129 184 15
129 189 18
129 198 3
129 212 5
129 214 10
129 233 5
129 248 17
130 1 3
130 9 3
130 51 12
130 55 9
130 66 15
130 80 16
130 110 15
130 111 13
130 119 10
130 126 16
130 127 3
130 132 9
130 154 11
130 156 9
130 170 6
130 181 10
130 198 10
130 202 5
130 203 4
130 216 6
130 222 5
130 249 9
131 8 1
131 10 12
131 13 11
131 18 20
131 20 2
131 33 15
131 41 17
131 64 14
131 68 4
131 82 5
131 91 9
131 104 10
131 105 5
131 137 12
131 145 3
131 150 11
131 162 11
131 165 19
131 175 20
131 176 8
131 178 17
131 190 13
131 200 16
131 204 12
131 205 7
131 216 6
131 220 20
131 227 14
131 238 8
131 243 8
132 9 15
132 18 9
132 26 6
132 32 18
132 34 12
132 35 1
132 58 17
132 71 3
132 103 18
132 109 6
132 139 14
132 150 16
132 167 6
132 172 13
132 175 10
132 187 10
132 197 7
132 235 3
132 238 18
132 241 7
132 246 17
133 31 19
133 47 3
133 49 10
133 67 1
133 70 4
133 122 3
133 148 16
133 177 7
133 178 1
133 194 14
133 224 15
133 237 1
133 246 12
133 250 15
134 1 10
134 5 3
134 11 5
134 14 1
134 16 3
134 17 20
134 22 13
134 28 7
134 29 19
134 45 4
134 49 5
134 50 18
134 52 11
134 55 5
134 62 9
134 65 1
134 72 20
134 86 11
134 96 20
134 103 14
134 106 20
134 107 3
134 112 14
134 122 17
134 127 11
134 147 5
134 151 18
134 161 7
134 175 1
134 177 4
134 186 10
134 191 7
134 203 9
134 214 15
134 221 10
134 231 1
134 232 2
134 242 3
135 22 5
135 30 11
135 31 10
135 33 15
135 39 12
135 57 11
135 79 11
135 90 19
135 113 2
135 125 19
135 141 13
135 156 8
135 168 8
135 169 4
135 184 2
135 186 18
135 228 13
135 230 9
135 236 18
136 8 10
136 33 3
136 34 10
136 38 11
136 39 8
136 55 7
136 56 17
136 58 17
136 63 17
136 64 13
136 75 2
136 79 8
136 82 3
136 86 20
136 89 15
136 98 11
136 115 17
136 122 5
136 125 3
136 129 13
136 132 13
136 133 7
136 168 4
136 169 8
136 180 9
136 194 10
136 212 19
136 225 14
136 229 7
136 233 5
136 234 19
136 240 12
137 1 17
137 13 2
137 16 20
137 19 7
137 20 13
137 27 6
137 34 6
137 38 8
137 53 2
137 54 7
137 104 17
137 114 20
137 129 8
137 146 20
137 147 8
137 148 8
137 152 4
137 155 2
137 164 8
137 169 2
137 178 18
137 189 3
137 193 9
137 206 3
137 210 9
137 232 8
138 1 4
138 9 5
138 11 7
138 12 7
138 44 17
138 72 1
138 111 9
138 146 2
138 147 8
138 164 6
138 170 8
138 185 11
138 200 9
138 201 2
138 202 7
138 204 11
138 207 15
138 219 3
138 221 2
138 227 2
138 229 10
138 236 19
138 237 17
138 239 15
139 34 18
139 41 12
139 46 9
139 50 3
139 54 10
139 59 6
139 87 1
139 92 9
139 145 14
139 149 10
139 165 6
139 184 19
139 244 12
140 30 2
140 48 1
140 55 3
140 66 18
140 87 19
140 94 12
140 108 5
140 138 1
140 196 17
140 202 2
140 209 2
140 219 14
140 220 19
140 247 9
141 1 13
141 8 17
141 18 6
141 34 11
141 53 11
141 54 5
141 85 2
141 87 3
141 88 3
141 113 13
141 114 19
141 130 7
141 134 10
141 143 13
141 154 12
141 166 2
141 180 10
141 187 15
141 194 8
141 203 9
141 213 9
141 217 19
141 227 1
141 231 1
142 11 18
142 15 19
142 21 7
142 22 4
142 28 13
142 43 1
142 47 9
142 66 7
142 67 12
142 69 4
142 78 4
142 82 18
142 89 15
142 99 19
142 145 18
142 148 5
142 156 10
142 162 10
142 173 14
142 174 4
142 180 18
142 185 18
142 188 1
142 192 20
142 200 11
142 201 2
142 214 20
142 238 19
143 12 18
143 14 2
143 28 20
143 35 2
143 42 20
143 46 7
143 49 12
143 51 19
143 53 3
143 59 20
143 64 17
143 67 7
143 69 4
143 70 20
143 82 18
143 83 4
143 98 8
143 101 9
143 123 15
143 125 11
143 130 17
143 133 12
143 140 5
143 162 11
143 174 20
143 176 17
143 178 19
143 179 9
143 189 5
143 192 1
143 196 18
143 201 14
143 204 17
143 211 17
143 219 5
143 229 15
143 236 8
143 239 17
144 11 15
144 12 12
144 31 4
144 45 18
144 56 9
144 59 12
144 60 14
144 81 9
144 82 3
144 83 6
144 97 15
144 101 9
144 105 19
144 111 3
144 138 13
144 161 18
144 167 2
144 172 3
144 187 10
144 189 10
144 193 10
144 197 2
144 200 19
144 205 6
144 215 9
144 223 1
144 226 16
144 228 17
144 234 7
144 244 5
144 T 5
145 7 14
145 14 9
145 16 5
145 24 2
145 42 3
145 51 6
145 61 20
145 66 11
145 70 15
145 79 17
145 82 1
145 90 18
145 132 6
145 137 1
145 138 15
145 149 5
145 179 20
145 214 4
145 225 18
145 230 9
146 2 4
146 54 16
146 72 19
146 99 2
146 108 3
146 113 8
146 120 16
146 127 19
146 129 18
146 135 16
146 143 12
146 154 3
146 173 3
146 176 20
146 178 17
146 209 3
146 231 5
146 236 9
146 240 2
147 13 15
147 24 6
147 27 15
147 35 16
147 49 6
147 62 19
147 65 19
147 77 17
147 81 7
147 87 3
147 91 14
147 105 1
147 123 2
147 142 8
147 143 14
147 157 9
147 170 12
147 183 15
147 185 2
147 189 3
147 190 3
147 205 12
147 206 16
147 220 5
147 233 15
148 17 16
148 21 12
148 31 11
148 60 7
148 65 15
148 69 7
148 80 17
148 97 2
148 127 3
148 130 16
148 131 19
148 141 2
148 144 11
148 147 3
148 170 4
148 176 17
148 196 4
148 218 11
148 232 5
148 245 17
149 9 1
149 28 15
149 61 4
149 62 17
149 65 1
149 68 5
149 75 8
149 77 4
149 84 8
149 94 20
149 100 15
149 103 20
149 107 19
149 112 19
149 113 6
149 115 20
149 127 13
149 139 13
149 148 7
149 155 9
149 157 10
149 162 1
149 171 12
149 181 4
149 182 1
149 190 12
149 198 11
149 201 4
149 203 18
149 205 11
149 207 20
149 213 9
149 235 7
149 242 14
150 7 19
150 15 4
150 23 13
150 33 7
150 39 16
150 64 12
150 72 16
150 113 6
150 116 19
150 125 20
150 161 13
150 196 6
150 202 16
150 206 8
150 208 16
150 212 3
150 218 1
150 222 8
150 240 16
151 35 12
151 49 18
151 56 4
151 69 15
151 86 18
151 102 8
151 121 11
151 125 7
151 127 8
151 142 11
151 155 20
151 158 3
151 159 13
151 186 18
151 195 15
151 197 11
151 200 8
151 203 18
151 224 13
152 9 6
152 22 4
152 23 3
152 24 1
152 42 3
152 46 12
152 52 6
152 59 20
152 118 1
152 140 17
152 151 9
152 156 17
152 157 8
152 168 15
152 175 8
152 198 15
152 199 11
153 16 17
153 20 10
153 30 2
153 36 9
153 37 10
153 39 18
153 41 20
153 46 15
153 57 12
153 71 20
153 78 12
153 79 6
153 96 11
153 103 19
153 119 15
153 135 11
153 144 14
153 145 11
153 154 11
153 171 2
153 174 15
153 182 3
153 187 6
153 188 10
153 206 17
153 235 9
154 3 15
154 7 7
154 9 5
154 14 12
154 35 18
154 51 1
154 54 8
154 70 19
154 82 1
154 93 9
154 94 1
154 112 7
154 135 7
154 156 8
154 179 4
154 180 15
154 185 8
154 189 11
154 196 12
154 198 20
154 204 11
154 208 20
154 209 13
154 230 9
154 240 15
155 7 17
155 10 6
155 30 17
155 50 14
155 51 18
155 54 16
155 79 12
155 85 11
155 95 12
155 97 10
155 108 11
155 110 9
155 112 1
155 120 8
155 138 7
155 152 18
155 159 20
155 166 20
155 174 2
155 197 17
155 222 7
155 246 10
155 T 16
156 19 9
156 20 20
156 21 17
156 26 9
156 52 8
156 54 7
156 58 12
156 60 7
156 63 16
156 76 9
156 81 8
156 88 4
156 122 4
156 146 5
156 148 1
156 149 20
156 150 11
156 165 12
156 166 10
156 173 10
156 206 4
156 210 19
156 219 7
156 220 16
156 224 16
156 228 13
156 236 15
157 20 3
157 38 14
157 41 5
157 44 20
157 45 20
157 64 18
157 94 1
157 99 6
157 118 9
157 148 11
157 161 14
157 163 9
157 169 4
157 171 13
157 182 4
157 184 8
157 189 1
157 196 8
157 202 20
157 204 18
157 205 7
157 223 1
157 234 2
157 249 20
158 11 8
158 17 15
158 20 2
158 23 9
158 34 1
158 51 12
158 61 11
158 72 19
158 79 1
158 81 9
158 90 13
158 96 19
158 98 8
158 107 18
158 113 17
158 137 9
158 157 4
158 195 7
158 198 2
158 204 15
158 216 20
158 229 3
158 240 9
159 19 7
159 22 4
159 25 2
159 27 20
159 28 5
159 43 7
159 58 2
159 81 13
159 95 6
159 112 9
159 113 11
159 119 11
159 148 3
159 170 3
159 183 6
159 185 18
159 212 17
159 214 11
159 228 13
159 232 13
159 235 7
159 249 14
160 11 9
160 14 3
160 20 9
160 38 5
160 45 20
160 75 20
160 80 19
160 87 11
160 100 3
160 128 18
160 142 5
160 144 12
160 149 10
160 154 16
160 158 1
160 167 2
160 196 6
160 204 17
160 210 17
160 218 4
160 230 12
160 236 9
161 9 7
161 10 11
161 28 10
161 44 13
161 63 6
161 71 1
161 72 19
161 91 20
161 108 14
161 112 8
161 154 15
161 198 7
161 238 12
161 239 16
161 T 13
162 4 11
162 15 15
162 20 9
162 23 3
162 32 18
162 37 13
162 40 10
162 50 18
162 87 15
162 93 19
162 107 12
162 123 7
162 127 8
162 128 7
162 139 6
162 145 18
162 148 8
162 158 10
162 165 5
162 186 12
162 188 18
162 192 14
162 196 9
162 204 16
162 208 12
162 217 12
162 228 8
163 11 17
163 14 13
163 15 20
163 24 14
163 27 9
163 30 5
163 37 14
163 40 1
163 41 9
163 57 16
163 61 9
163 63 16
163 66 11
163 67 3
163 68 12
163 70 19
163 82 9
163 92 15
163 98 15
163 113 6
163 114 15
163 169 6
163 177 20
163 179 13
163 194 17
163 197 1
163 210 7
163 224 12
163 247 7
163 250 8
164 2 18
164 9 11
164 71 2
164 81 7
164 94 17
164 100 14
164 112 20
164 128 8
164 133 19
164 144 4
164 157 12
164 160 10
164 170 2
164 173 18
164 174 18
164 181 9
164 195 20
164 202 10
164 206 20
164 209 11
164 219 9
164 226 5
164 240 13
164 246 15
165 9 18
165 23 9
165 26 8
165 38 9
165 45 5
165 49 8
165 50 19
165 66 7
165 74 20
165 76 3
165 86 8
165 89 9
165 92 6
165 109 15
165 119 5
165 129 12
165 131 16
165 139 12
165 140 4
165 142 10
165 153 9
165 157 20
165 164 8
165 166 3
165 175 10
165 183 3
165 191 13
165 195 11
165 202 20
165 209 10
165 218 5
165 T 12
166 57 5
166 60 3
166 66 12
166 71 13
166 83 5
166 84 12
166 110 16
166 111 20
166 120 6
166 126 20
166 127 17
166 140 18
166 147 2
166 154 13
166 162 2
166 172 9
166 176 19
166 182 9
166 183 9
166 192 20
166 196 14
166 205 6
166 222 12
166 233 1
166 245 2
167 16 13
167 30 7
167 48 4
167 56 6
167 63 6
167 72 13
167 73 13
167 75 6
167 84 15
167 86 5
167 95 8
167 108 19
167 115 20
167 123 14
167 139 1
167 159 18
167 183 5
167 192 19
167 198 3
167 202 14
167 203 16
167 230 19
167 245 4
167 247 19
168 23 3
168 24 3
168 48 18
168 65 12
168 71 10
168 74 3
168 78 10
168 138 11
168 153 20
168 163 12
168 165 16
168 187 10
168 194 2
168 199 20
168 230 19
168 235 12
168 241 3
168 245 8
169 2 7
169 14 11
169 24 6
169 36 11
169 55 18
169 62 11
169 68 14
169 77 11
169 101 10
169 104 4
169 111 3
169 122 11
169 128 7
169 134 19
169 152 20
169 161 7
169 184 11
169 210 14
169 212 11
169 214 10
169 218 1
169 221 7
169 231 13
169 244 6
170 7 1
170 17 12
170 20 7
170 28 14
170 29 17
170 40 15
170 44 6
170 57 17
170 62 11
170 70 15
170 76 11
170 82 13
170 85 1
170 93 18
170 98 17
170 119 19
170 120 9
170 125 10
170 144 4
170 146 15
170 152 17
170 157 11
170 159 15
170 183 2
170 186 10
170 199 8
170 206 5
170 219 7
170 223 14
170 231 7
170 234 4
171 6 9
171 13 12
171 29 17
171 31 19
171 38 5
171 51 14
171 72 19
171 75 2
171 77 7
171 86 15
171 90 10
171 97 9
171 103 14
171 114 15
171 116 12
171 143 1
171 152 17
171 153 5
171 156 2
171 157 12
171 162 10
171 186 12
171 202 8
171 204 10
171 215 8
171 216 16
171 222 13
171 229 3
171 235 20
171 244 15
171 245 5
172 6 9
172 31 10
172 36 13
172 48 9
172 51 6
172 74 17
172 75 13
172 92 19
172 97 15
172 106 7
172 107 18
172 113 11
172 118 18
172 138 8
172 152 17
172 164 11
172 184 18
172 189 12
172 197 17
172 198 20
172 202 2
172 213 17
172 217 20
172 218 20
172 220 8
172 224 13
172 234 5
172 237 20
172 241 17
172 248 10
173 1 6
173 11 9
173 15 19
173 32 11
173 41 17
173 46 3
173 57 14
173 61 2
173 71 16
173 72 9
173 77 5
173 86 13
173 92 12
173 100 1
173 102 6
173 104 16
173 106 4
173 135 12
173 139 5
173 155 3
173 157 17
173 170 2
173 172 3
173 175 15
173 202 17
173 209 4
173 214 18
173 225 8
173 236 14
173 243 18
174 1 4
174 18 14
174 32 19
174 35 13
174 59 3
174 67 2
174 71 17
174 72 16
174 95 14
174 101 7
174 114 5
174 125 15
174 134 16
174 156 16
174 229 10
174 231 10
174 238 3
175 14 10
175 29 18
175 35 8
175 50 8
175 56 14
175 67 7
175 77 7
175 101 3
175 114 7
175 119 9
175 123 17
175 133 20
175 137 16
175 151 14
175 171 15
175 189 13
175 211 2
175 213 2
175 220 13
175 T 3
176 31 2
176 32 7
176 48 2
176 65 16
176 82 9
176 86 11
176 88 4
176 92 19
176 118 5
176 123 15
176 125 19
176 126 14
176 136 14
176 137 6
176 139 19
176 143 13
176 192 20
176 194 5
176 199 18
176 205 16
176 206 10
176 210 4
176 213 5
176 223 16
176 228 3
176 235 4
176 241 4
177 7 12
177 10 4
177 19 15
177 41 5
177 43 9
177 54 18
177 59 19
177 60 7
177 66 16
177 76 12
177 78 11
177 100 13
177 114 8
177 124 5
177 131 14
177 135 15
177 143 12
177 149 20
177 153 17
177 155 17
177 168 10
177 175 5
177 176 9
177 179 7
177 186 5
177 193 14
177 196 18
177 198 9
177 211 17
177 217 8
177 219 19
177 243 9
177 244 16
178 6 11
178 16 7
178 36 5
178 51 9
178 52 5
178 63 9
178 66 14
178 71 5
178 74 3
178 100 7
178 102 5
178 112 4
178 113 15
178 122 19
178 130 6
178 141 20
178 169 19
178 189 1
178 194 4
178 228 8
178 245 17
179 6 2
179 8 4
179 36 7
179 40 6
179 51 14
179 79 11
179 88 19
179 106 6
179 120 18
179 132 1
179 140 13
179 143 10
179 164 5
179 166 9
179 198 8
179 200 9
179 207 7
179 213 7
179 222 17
179 223 14
179 225 4
179 235 5
179 243 4
179 245 12
179 246 4
180 10 15
180 27 12
180 31 17
180 32 16
180 43 12
180 46 3
180 64 11
180 70 20
180 72 2
180 81 18
180 82 1
180 86 12
180 92 19
180 93 9
180 96 11
180 99 13
180 105 4
180 106 18
180 108 19
180 110 4
180 142 7
180 143 6
180 146 16
180 158 2
180 162 7
180 170 13
180 190 13
180 195 2
180 196 19
180 203 8
180 207 13
180 223 14
180 238 2
180 243 13
180 244 11
180 249 10
181 4 11
181 14 20
181 65 7
181 73 14
181 76 3
181 78 15
181 80 11
181 81 15
181 103 18
181 107 10
181 113 9
181 120 7
181 123 9
181 145 13
181 148 8
181 151 2
181 182 8
181 190 10
181 203 3
181 227 16
181 237 4
181 247 1
182 30 9
182 37 8
182 42 8
182 61 9
182 74 14
182 90 20
182 97 18
182 99 7
182 109 2
182 119 8
182 120 8
182 123 2
182 135 11
182 150 11
182 161 1
182 171 12
182 185 6
182 187 17
182 188 3
182 203 16
182 228 17
182 240 4
183 13 10
183 22 3
183 48 6
183 62 10
183 73 20
183 76 15
183 78 15
183 95 1
183 99 4
183 103 8
183 104 20
183 121 19
183 122 15
183 123 2
183 128 14
183 131 10
183 137 6
183 140 5
183 144 9
183 152 14
183 175 20
183 184 19
183 202 5
183 215 11
183 238 4
183 244 14
183 248 17
184 8 6
184 12 20
184 18 9
184 23 11
184 39 19
184 61 10
184 68 17
184 69 15
184 72 10
184 80 2
184 83 18
184 88 1
184 95 14
184 106 15
184 112 18
184 117 10
184 123 19
184 164 1
184 167 12
184 180 9
184 187 7
184 190 8
184 192 20
184 199 1
184 200 20
184 204 9
184 205 10
184 227 4
184 228 1
184 229 15
184 238 19
184 242 11
184 250 11
185 7 9
185 16 2
185 19 10
185 22 8
185 42 6
185 43 11
185 83 15
185 116 2
185 117 16
185 135 11
185 136 10
185 137 15
185 155 17
185 166 11
185 168 19
185 172 20
185 184 12
185 190 16
185 193 11
185 199 12
185 208 8
185 209 2
185 216 19
185 227 17
185 231 15
185 234 18
185 235 15
186 1 9
186 9 6
186 12 12
186 14 6
186 20 18
186 43 18
186 44 13
186 45 14
186 48 18
186 49 3
186 68 18
186 90 14
186 116 15
186 117 13
186 137 2
186 140 13
186 146 2
186 147 12
186 157 14
186 159 20
186 164 1
186 176 2
186 179 7
186 184 10
186 198 2
186 201 7
186 222 5
186 229 15
187 2 3
187 57 1
187 60 14
187 64 15
187 70 19
187 73 18
187 77 20
187 84 2
187 85 13
187 96 4
187 97 20
187 103 7
187 119 9
187 121 19
187 135 6
187 138 15
187 139 20
187 150 11
187 157 15
187 162 6
187 166 15
187 195 5
187 198 8
187 213 16
187 217 4
187 231 1
187 240 5
187 242 5
187 245 10
187 T 17
188 15 18
188 18 9
188 26 8
188 35 2
188 36 1
188 54 19
188 65 12
188 67 13
188 72 15
188 75 16
188 106 19
188 109 12
188 116 4
188 139 1
188 157 17
188 160 11
188 169 4
188 193 11
188 218 14
188 227 5
188 240 14
189 2 9
189 5 19
189 17 14
189 30 14
189 31 12
189 35 17
189 40 6
189 43 2
189 62 18
189 66 16
189 67 13
189 71 8
189 84 4
189 101 9
189 126 19
189 135 4
189 143 13
189 144 1
189 150 12
189 152 12
189 155 18
189 165 5
189 172 17
189 176 9
189 179 10
189 198 5
189 203 13
189 205 19
190 3 5
190 23 8
190 38 4
190 51 15
190 90 11
190 92 7
190 93 19
190 95 13
190 106 9
190 139 1
190 140 6
190 141 15
190 145 12
190 162 1
190 174 16
190 178 12
190 184 13
190 194 19
190 224 9
190 231 5
191 4 11
191 6 16
191 18 3
191 22 19
191 62 13
191 63 20
191 81 9
191 84 19
191 92 11
191 99 19
191 131 10
191 139 6
191 141 3
191 157 10
191 180 5
191 192 17
191 200 9
191 203 6
191 209 6
191 215 20
191 219 9
191 233 19
191 239 12
192 1 12
192 8 7
192 9 4
192 11 6
192 12 6
192 34 18
192 45 14
192 50 18
192 75 2
192 84 5
192 88 19
192 92 16
192 120 3
192 126 5
192 127 9
192 136 2
192 146 13
192 147 11
192 150 16
192 154 7
192 157 14
192 160 6
192 164 17
192 168 16
192 210 19
192 213 7
192 232 5
192 237 8
192 243 16
193 14 13
193 29 8
193 36 16
193 39 1
193 58 2
193 70 2
193 79 17
193 80 5
193 103 2
193 106 8
193 112 5
193 132 1
193 137 6
193 152 6
193 174 17
193 175 9
193 186 9
193 195 1
193 199 1
193 206 11
193 221 14
193 226 5
193 232 11
194 21 1
194 23 12
194 25 18
194 30 16
194 49 17
194 53 1
194 75 10
194 86 2
194 92 7
194 105 19
194 140 14
194 149 18
194 175 6
194 198 15
194 209 6
194 210 3
194 234 5
194 244 3
194 247 17
195 10 7
195 21 3
195 39 1
195 46 18
195 56 16
195 65 5
195 72 2
195 82 9
195 89 20
195 125 15
195 127 12
195 139 12
195 140 12
195 150 13
195 160 9
195 162 7
195 163 3
195 166 17
195 177 15
195 191 11
195 192 6
195 198 13
195 210 1
195 220 6
195 222 7
195 231 4
195 241 16
195 246 15
195 249 20
196 16 8
196 18 10
196 35 15
196 39 9
196 56 10
196 59 17
196 63 18
196 72 20
196 81 12
196 86 4
196 88 11
196 115 16
196 134 11
196 138 5
196 140 11
196 142 10
196 145 14
196 147 3
196 165 7
196 187 2
196 199 14
196 205 1
196 206 4
196 208 6
196 227 5
196 232 8
196 244 18
196 246 3
197 14 9
197 16 7
197 20 14
197 25 3
197 33 2
197 40 6
197 44 20
197 52 16
197 53 15
197 55 17
197 64 16
197 98 8
197 115 3
197 121 15
197 125 16
197 137 7
197 140 14
197 142 20
197 161 19
197 174 19
197 178 18
197 185 9
197 190 6
197 193 1
197 195 12
197 199 15
197 211 10
197 212 11
197 217 1
197 238 5
197 240 1
197 245 16
197 T 7
198 6 10
198 9 9
198 16 20
198 24 4
198 30 14
198 37 17
198 42 16
198 45 13
198 51 1
198 64 5
198 65 18
198 72 10
198 76 15
198 79 20
198 86 18
198 111 18
198 125 10
198 135 14
198 136 16
198 138 19
198 142 15
198 157 8
198 159 20
198 162 17
198 166 5
198 188 4
198 207 9
198 217 8
198 218 6
198 221 16
198 227 9
198 236 9
198 237 5
198 240 6
199 5 5
199 23 4
199 42 8
199 61 3
199 70 17
199 83 8
199 84 11
199 97 7
199 104 4
199 135 2
199 138 7
199 155 3
199 165 3
199 170 4
199 173 3
199 181 14
199 185 17
199 189 10
199 225 13
199 229 5
199 249 4
200 3 2
200 9 19
200 12 19
200 16 16
200 42 10
200 45 18
200 49 3
200 65 2
200 78 19
200 100 14
200 109 12
200 113 3
200 121 1
200 130 7
200 137 10
200 141 3
200 143 18
200 162 11
200 168 10
200 213 15
200 214 10
200 223 10
200 227 19
200 234 20
200 236 19
200 241 16
200 246 5
201 23 2
201 30 3
201 37 8
201 57 3
201 65 13
201 68 19
201 84 4
201 87 17
201 123 14
201 157 15
201 168 3
201 175 14
201 181 14
201 185 12
201 191 15
201 193 11
201 197 5
201 198 16
201 205 17
201 231 7
201 232 1
201 247 16
202 32 9
202 43 8
202 60 20
202 83 18
202 114 16
202 130 18
202 132 20
202 137 16
202 138 15
202 144 18
202 193 7
202 201 12
202 210 4
202 217 3
202 225 13
202 229 16
202 231 19
203 6 1
203 9 8
203 13 14
203 21 5
203 22 18
203 29 20
203 34 1
203 39 17
203 41 13
203 42 1
203 52 1
203 68 2
203 77 4
203 101 3
203 139 2
203 142 13
203 172 19
203 181 20
203 188 18
203 195 20
203 219 8
203 234 9
203 237 11
203 238 17
203 T 9
204 4 11
204 5 15
204 9 18
204 31 4
204 36 12
204 50 19
204 54 6
204 57 7
204 70 20
204 76 7
204 80 6
204 83 12
204 108 5
204 122 11
204 142 2
204 148 18
204 149 4
204 162 7
204 174 4
204 176 7
204 187 2
204 191 15
204 224 6
204 225 16
204 229 4
204 234 16
204 236 3
204 246 18
205 1 13
205 4 20
205 6 12
205 10 12
205 23 11
205 28 8
205 36 6
205 38 3
205 42 1
205 45 4
205 48 12
205 58 19
205 63 9
205 77 18
205 98 19
205 106 5
205 129 1
205 139 12
205 142 12
205 147 17
205 169 16
205 174 8
205 201 20
205 232 1
205 236 10
205 238 11
206 6 15
206 9 3
206 11 11
206 22 18
206 59 10
206 67 6
206 87 14
206 106 12
206 112 3
206 113 6
206 115 7
206 126 4
206 130 13
206 142 10
206 145 8
206 164 16
206 182 9
206 210 17
206 211 14
206 217 12
206 218 11
206 230 2
206 243 9
207 10 2
207 18 5
207 20 15
207 28 4
207 32 7
207 38 12
207 67 20
207 81 15
207 82 6
207 96 16
207 97 13
207 105 18
207 109 10
207 114 20
207 119 1
207 125 9
207 159 6
207 177 20
207 202 8
207 230 7
207 232 17
207 242 2
207 244 13
207 246 15
208 4 15
208 7 8
208 13 8
208 14 5
208 40 16
208 42 7
208 63 19
208 72 2
208 73 16
208 75 9
208 81 4
208 83 1
208 86 7
208 109 12
208 130 12
208 144 4
208 156 16
208 167 4
208 175 12
208 177 8
208 179 19
208 189 17
208 191 18
208 192 19
208 200 9
208 214 10
208 217 20
208 225 19
208 231 16
208 236 10
208 245 9
208 246 16
209 2 2
209 23 16
209 31 4
209 32 11
209 44 9
209 50 15
209 55 4
209 68 10
209 69 15
209 71 9
209 85 20
209 87 14
209 89 16
209 91 17
209 94 18
209 108 3
209 111 8
209 119 4
209 132 14
209 150 1
209 165 5
209 166 14
209 170 9
209 174 5
209 182 20
209 202 9
209 220 16
209 235 20
210 35 4
210 43 8
210 56 19
210 63 7
210 66 8
210 83 5
210 101 2
210 103 14
210 106 13
210 111 3
210 115 8
210 145 16
210 151 9
210 157 3
210 165 1
210 182 5
210 191 4
210 195 9
210 207 4
210 211 2
210 216 17
210 233 4
210 T 15
211 11 4
211 14 5
211 21 1
211 30 17
211 36 20
211 56 9
211 62 6
211 84 9
211 90 19
211 119 7
211 132 5
211 133 19
211 139 9
211 151 13
211 155 14
211 168 8
211 173 14
211 184 16
211 185 2
211 186 4
211 190 16
211 201 5
211 204 13
211 205 13
211 227 19
211 237 4
212 16 15
212 32 3
212 41 10
212 47 8
212 50 18
212 58 18
212 59 1
212 73 11
212 81 5
212 86 12
212 97 10
212 112 11
212 140 4
212 152 14
212 170 4
212 176 6
212 192 16
212 229 12
212 233 2
213 5 4
213 9 16
213 24 11
213 46 14
213 48 3
213 49 4
213 68 9
213 94 7
213 144 15
213 158 17
213 161 18
213 162 2
213 166 15
213 174 7
213 194 13
213 196 10
213 198 6
213 245 1
214 26 15
214 31 3
214 32 4
214 35 4
214 45 18
214 67 5
214 69 13
214 77 9
214 79 10
214 80 16
214 82 10
214 91 2
214 98 5
214 100 11
214 136 17
214 137 16
214 138 1
214 147 1
214 151 14
214 174 2
214 195 12
214 199 5
214 211 2
214 228 19
214 231 17
214 239 1
214 T 8
215 9 20
215 63 3
215 64 16
215 66 19
215 96 20
215 101 5
215 110 11
215 131 2
215 138 1
215 148 4
215 159 12
215 163 11
215 174 20
215 178 3
215 184 6
215 189 18
215 199 1
215 203 10
215 204 17
215 208 20
215 209 6
215 212 5
215 213 20
215 239 8
215 248 16
216 16 15
216 21 17
216 43 2
216 56 11
216 66 20
216 67 19
216 75 2
216 79 15
216 106 16
216 110 20
216 111 20
216 127 18
216 134 17
216 135 3
216 139 14
216 140 7
216 153 6
216 158 15
216 166 16
216 169 19
216 171 17
216 173 5
216 197 18
216 199 15
216 211 2
216 235 17
216 236 18
216 237 11
216 246 16
216 T 9
217 6 12
217 7 13
217 8 19
217 21 14
217 28 1
217 31 9
217 39 12
217 81 1
217 88 5
217 89 3
217 114 6
217 121 17
217 127 17
217 165 12
217 166 13
217 170 2
217 177 19
217 187 10
217 194 16
217 202 17
217 204 11
217 212 9
217 232 5
217 241 18
218 3 8
218 9 4
218 14 13
218 26 3
218 28 14
218 51 2
218 57 14
218 58 12
218 91 19
218 97 9
218 103 15
218 105 14
218 108 2
218 112 20
218 119 20
218 123 15
218 130 15
218 137 13
218 140 10
218 147 4
218 158 17
218 159 1
218 160 1
218 171 11
218 179 7
218 192 3
218 193 5
218 220 20
218 234 12
218 240 13
218 241 1
218 245 10
219 7 5
219 16 2
219 21 14
219 26 1
219 29 16
219 40 2
219 44 5
219 60 13
219 65 9
219 85 10
219 105 9
219 116 12
219 122 10
219 129 14
219 137 10
219 139 7
219 142 2
219 147 1
219 149 13
219 160 3
219 162 11
219 163 20
219 164 18
219 182 5
219 187 12
219 213 6
219 217 10
219 222 3
219 230 17
219 239 1
219 240 8
219 250 17
219 T 1
220 16 11
220 17 9
220 30 12
220 44 19
220 54 20
220 55 9
220 62 6
220 73 19
220 90 20
220 96 1
220 104 1
220 108 7
220 121 4
220 146 15
220 185 4
220 203 14
220 214 13
220 225 8
220 226 17
220 231 16
220 235 17
220 242 1
221 2 11
221 20 6
221 27 16
221 46 4
221 47 18
221 77 19
221 87 4
221 97 19
221 107 18
221 108 16
221 120 6
221 125 14
221 144 5
221 151 11
221 157 9
221 187 11
221 199 3
221 219 4
221 240 16
221 241 19
221 242 11
221 243 6
222 6 20
222 15 6
222 22 5
222 25 13
222 26 14
222 34 20
222 44 1
222 54 8
222 59 19
222 92 12
222 102 20
222 113 14
222 122 4
222 160 7
222 165 10
222 184 12
222 189 15
222 190 4
222 193 12
222 200 11
222 202 3
222 206 20
222 208 13
222 213 2
222 215 12
222 217 2
222 219 16
222 236 12
222 250 13
223 15 6
223 18 6
223 23 16
223 31 11
223 37 8
223 42 7
223 53 14
223 54 2
223 55 19
223 99 9
223 102 5
223 134 5
223 156 9
223 192 13
223 193 2
223 205 11
223 208 10
223 233 10
223 235 3
223 242 18
224 4 13
224 31 17
224 52 12
224 74 13
224 85 2
224 99 3
224 105 13
224 161 18
224 177 11
224 181 17
224 182 13
224 185 9
224 191 10
224 193 19
224 196 15
224 206 4
224 222 12
224 230 8
224 234 1
224 240 4
224 243 7
224 250 4
225 3 16
225 4 13
225 35 14
225 41 4
225 51 12
225 76 16
225 92 6
225 134 4
225 146 9
225 149 15
225 158 14
225 168 8
225 180 9
225 187 12
225 216 18
225 221 13
225 247 9
226 4 14
226 14 12
226 34 17
226 42 8
226 53 5
226 64 14
226 84 5
226 85 15
226 87 2
226 130 2
226 131 5
226 132 5
226 198 19
226 221 7
226 225 9
226 232 14
226 233 13
227 19 4
227 27 17
227 33 17
227 71 3
227 75 19
227 87 18
227 89 17
227 97 6
227 102 9
227 125 19
227 132 13
227 134 3
227 148 5
227 150 2
227 151 14
227 156 5
227 172 19
227 174 8
227 180 2
227 189 17
227 193 15
227 194 2
227 210 9
227 218 13
227 230 9
227 233 12
227 247 12
228 11 14
228 28 17
228 54 7
228 82 15
228 100 6
228 106 5
228 116 18
228 121 3
228 148 20
228 155 19
228 161 16
228 172 9
228 176 19
228 208 15
228 209 9
228 231 8
228 234 4
228 236 16
228 250 6
229 9 2
229 10 20
229 11 17
229 19 3
229 29 5
229 30 6
229 40 12
229 43 1
229 56 4
229 61 2
229 112 9
229 114 8
229 115 6
229 126 12
229 132 1
229 143 2
229 149 4
229 174 4
229 176 18
229 180 5
229 182 13
229 193 12
229 202 4
229 209 15
229 226 9
229 236 7
230 11 19
230 19 20
230 22 16
230 45 3
230 47 6
230 51 14
230 54 1
230 55 17
230 60 13
230 66 8
230 73 5
230 77 9
230 82 1
230 98 9
230 105 10
230 115 3
230 126 16
230 134 15
230 137 4
230 141 8
230 150 9
230 161 4
230 166 18
230 168 2
230 192 8
230 208 17
230 217 19
230 236 4
230 249 14
231 14 9
231 17 14
231 55 20
231 70 20
231 72 2
231 79 3
231 82 13
231 88 18
231 93 18
231 95 14
231 96 16
231 106 18
231 120 12
231 121 1
231 140 8
231 148 11
231 161 3
231 166 9
231 174 19
231 175 1
231 190 19
231 215 16
231 227 16
231 238 4
231 T 19
232 1 4
232 9 7
232 11 14
232 15 20
232 29 15
232 31 18
232 42 15
232 53 16
232 58 7
232 72 16
232 74 3
232 76 19
232 87 19
232 101 14
232 103 7
232 123 18
232 125 13
232 140 20
232 141 15
232 142 15
232 143 19
232 164 11
232 166 7
232 172 20
232 174 20
232 175 2
232 178 13
232 180 7
232 203 2
232 206 15
232 209 13
232 213 17
232 214 15
232 215 6
232 229 19
232 242 1
232 249 4
233 3 4
233 6 4
233 15 3
233 27 12
233 39 14
233 41 18
233 53 19
233 58 14
233 80 5
233 85 16
233 86 10
233 106 10
233 111 15
233 124 4
233 162 16
233 164 19
233 168 7
233 183 1
233 185 13
233 195 8
233 207 11
233 225 8
233 237 14
233 239 9
233 240 14
233 249 18
233 250 5
233 T 9
234 19 14
234 30 15
234 31 8
234 41 9
234 62 1
234 67 17
234 83 1
234 86 12
234 92 5
234 106 16
234 117 2
234 118 10
234 156 14
234 161 5
234 172 6
234 182 19
234 191 20
234 199 13
234 212 13
234 216 13
234 242 1
234 243 15
234 249 15
235 1 19
235 5 1
235 25 15
235 38 14
235 48 9
235 50 13
235 72 20
235 83 20
235 86 2
235 132 13
235 136 2
235 151 18
235 156 5
235 176 7
235 177 9
235 189 5
235 194 17
235 195 9
235 199 18
235 204 9
235 222 1
235 246 12
235 247 8
236 5 17
236 17 5
236 24 9
236 27 6
236 51 20
236 56 17
236 83 13
236 85 2
236 88 3
236 93 5
236 97 4
236 102 4
236 104 18
236 110 15
236 111 2
236 113 7
236 117 9
236 119 18
236 120 3
236 131 8
236 147 8
236 152 12
236 178 9
236 185 7
236 190 14
236 194 15
236 197 16
236 201 6
236 209 18
236 234 5
237 18 10
237 33 8
237 48 14
237 84 6
237 90 13
237 97 12
237 109 17
237 113 4
237 122 9
237 124 12
237 127 16
237 131 17
237 137 6
237 138 18
237 160 10
237 170 16
237 180 19
237 182 18
237 184 18
237 197 11
237 205 14
237 207 10
237 208 3
237 214 14
237 218 20
237 228 13
237 235 18
237 238 5
237 249 6
238 1 1
238 3 13
238 15 20
238 27 8
238 36 17
238 54 2
238 66 14
238 68 9
238 73 5
238 77 18
238 78 4
238 85 3
238 86 12
238 87 1
238 96 11
238 97 5
238 130 13
238 149 19
238 162 16
238 164 17
238 172 1
238 179 18
238 198 5
238 200 15
238 204 16
238 219 5
239 24 19
239 33 12
239 42 19
239 48 19
239 58 15
239 67 11
239 71 9
239 74 5
239 75 6
239 93 8
239 99 7
239 105 5
239 109 1
239 113 14
239 121 15
239 122 13
239 139 14
239 142 16
239 145 15
239 147 20
239 157 5
239 163 4
239 165 4
239 175 13
239 188 9
239 191 17
239 201 19
239 213 18
239 223 5
239 225 1
239 241 14
239 250 16
240 15 15
240 26 18
240 30 13
240 38 10
240 41 6
240 46 19
240 56 8
240 61 14
240 83 16
240 122 5
240 132 8
240 133 7
240 154 17
240 156 6
240 190 16
240 198 17
240 199 20
240 201 1
240 212 11
240 236 4
241 17 4
241 42 15
241 44 11
241 47 5
241 49 1
241 51 16
241 59 3
241 68 13
241 79 14
241 81 19
241 90 10
241 91 15
241 104 9
241 112 4
241 114 20
241 118 10
241 123 14
241 124 3
241 133 4
241 136 3
241 137 19
241 139 10
241 143 4
241 148 20
241 149 5
241 151 13
241 154 17
241 160 20
241 182 15
241 199 8
241 205 4
241 211 16
241 222 1
241 225 3
241 226 18
241 237 3
241 249 9
242 6 6
242 22 2
242 37 7
242 42 16
242 48 14
242 54 6
242 67 10
242 70 10
242 75 8
242 77 9
242 86 11
242 88 1
242 98 16
242 123 18
242 124 16
242 132 8
242 136 7
242 143 8
242 152 15
242 160 4
242 163 16
242 189 9
242 193 11
242 230 17
242 238 8
243 2 15
243 9 5
243 13 5
243 30 4
243 31 14
243 41 8
243 60 17
243 71 9
243 97 9
243 117 13
243 118 4
243 121 9
243 125 6
243 129 17
243 131 10
243 135 20
243 143 17
243 154 10
243 167 12
243 174 10
243 182 4
243 191 3
243 194 17
243 197 6
243 200 3
243 207 16
243 218 4
243 224 11
243 226 9
243 248 18
244 3 1
244 6 5
244 16 6
244 17 19
244 27 14
244 37 17
244 38 17
244 64 18
244 72 9
244 82 16
244 85 1
244 96 18
244 102 3
244 135 2
244 148 4
244 155 5
244 159 16
244 162 9
244 168 3
244 185 4
244 186 16
244 188 6
244 196 6
244 208 9
244 214 6
244 217 5
244 223 7
244 224 5
244 227 9
245 10 3
245 16 14
245 21 14
245 79 8
245 84 2
245 85 17
245 86 13
245 89 19
245 166 20
245 170 10
245 183 8
245 193 20
245 235 18
245 241 18
245 243 4
246 13 3
246 14 11
246 15 20
246 26 5
246 35 10
246 47 12
246 54 7
246 81 14
246 90 1
246 96 15
246 120 5
246 126 7
246 132 20
246 171 8
246 211 4
246 212 18
246 216 9
246 238 13
246 242 18
246 245 8
247 2 2
247 52 18
247 54 13
247 55 18
247 72 8
247 107 6
247 108 5
247 117 4
247 121 4
247 122 11
247 123 14
247 128 10
247 133 15
247 138 13
247 139 17
247 146 17
247 148 6
247 183 13
247 193 19
247 202 15
247 221 15
247 222 14
247 239 16
248 16 2
248 24 10
248 39 9
248 45 13
248 61 2
248 62 16
248 74 16
248 78 15
248 79 17
248 117 9
248 125 17
248 135 2
248 152 5
248 165 14
248 167 4
248 172 8
248 206 13
248 232 19
248 249 17
249 2 15
249 7 1
249 46 13
249 53 3
249 58 19
249 62 7
249 74 17
249 81 4
249 83 8
249 91 11
249 94 2
249 95 17
249 113 15
249 119 6
249 120 2
249 121 7
249 170 5
249 179 3
249 200 11
249 205 17
249 213 16
249 223 3
249 242 1
249 246 15
250 17 5
250 38 9
250 40 6
250 44 18
250 63 4
250 86 14
250 90 15
250 100 17
250 101 14
250 112 18
250 116 12
250 117 12
250 121 6
250 123 10
250 128 2
250 135 6
250 148 4
250 160 10
250 187 18
250 202 20
250 215 9
250 216 9
250 225 1
250 231 18
250 232 16
250 233 19
250 246 2
250 249 16
