1000000000
1
2000
2000
1 1
2 1
3 1
4 1
5 1
6 1
7 1
8 1
9 1
10 1
11 1
12 1
13 1
14 1
15 1
16 1
17 1
18 1
19 1
20 1
21 1
22 1
23 1
24 1
25 1
26 1
27 1
28 1
29 1
30 1
31 1
32 1
33 1
34 1
35 1
36 1
37 1
38 1
39 1
40 1
41 1
42 1
43 1
44 1
45 1
46 1
47 1
48 1
49 1
50 1
51 1
52 1
53 1
54 1
55 1
56 1
57 1
58 1
59 1
60 1
61 1
62 1
63 1
64 1
65 1
66 1
67 1
68 1
69 1
70 1
71 1
72 1
73 1
74 1
75 1
76 1
77 1
78 1
79 1
80 1
81 1
82 1
83 1
84 1
85 1
86 1
87 1
88 1
89 1
90 1
91 1
92 1
93 1
94 1
95 1
96 1
97 1
98 1
99 1
100 1
101 1
102 1
103 1
104 1
105 1
106 1
107 1
108 1
109 1
110 1
111 1
112 1
113 1
114 1
115 1
116 1
117 1
118 1
119 1
120 1
121 1
122 1
123 1
124 1
125 1
126 1
127 1
128 1
129 1
130 1
131 1
132 1
133 1
134 1
135 1
136 1
137 1
138 1
139 1
140 1
141 1
142 1
143 1
144 1
145 1
146 1
147 1
148 1
149 1
150 1
151 1
152 1
153 1
154 1
155 1
156 1
157 1
158 1
159 1
160 1
161 1
162 1
163 1
164 1
165 1
166 1
167 1
168 1
169 1
170 1
171 1
172 1
173 1
174 1
175 1
176 1
177 1
178 1
179 1
180 1
181 1
182 1
183 1
184 1
185 1
186 1
187 1
188 1
189 1
190 1
191 1
192 1
193 1
194 1
195 1
196 1
197 1
198 1
199 1
200 1
201 1
202 1
203 1
204 1
205 1
206 1
207 1
208 1
209 1
210 1
211 1
212 1
213 1
214 1
215 1
216 1
217 1
218 1
219 1
220 1
221 1
222 1
223 1
224 1
225 1
226 1
227 1
228 1
229 1
230 1
231 1
232 1
233 1
234 1
235 1
236 1
237 1
238 1
239 1
240 1
241 1
242 1
243 1
244 1
245 1
246 1
247 1
248 1
249 1
250 1
251 1
252 1
253 1
254 1
255 1
256 1
257 1
258 1
259 1
260 1
261 1
262 1
263 1
264 1
265 1
266 1
267 1
268 1
269 1
270 1
271 1
272 1
273 1
274 1
275 1
276 1
277 1
278 1
279 1
280 1
281 1
282 1
283 1
284 1
285 1
286 1
287 1
288 1
289 1
290 1
291 1
292 1
293 1
294 1
295 1
296 1
297 1
298 1
299 1
300 1
301 1
302 1
303 1
304 1
305 1
306 1
307 1
308 1
309 1
310 1
311 1
312 1
313 1
314 1
315 1
316 1
317 1
318 1
319 1
320 1
321 1
322 1
323 1
324 1
325 1
326 1
327 1
328 1
329 1
330 1
331 1
332 1
333 1
334 1
335 1
336 1
337 1
338 1
339 1
340 1
341 1
342 1
343 1
344 1
345 1
346 1
347 1
348 1
349 1
350 1
351 1
352 1
353 1
354 1
355 1
356 1
357 1
358 1
359 1
360 1
361 1
362 1
363 1
364 1
365 1
366 1
367 1
368 1
369 1
370 1
371 1
372 1
373 1
374 1
375 1
376 1
377 1
378 1
379 1
380 1
381 1
382 1
383 1
384 1
385 1
386 1
387 1
388 1
389 1
390 1
391 1
392 1
393 1
394 1
395 1
396 1
397 1
398 1
399 1
400 1
401 1
402 1
403 1
404 1
405 1
406 1
407 1
408 1
409 1
410 1
411 1
412 1
413 1
414 1
415 1
416 1
417 1
418 1
419 1
420 1
421 1
422 1
423 1
424 1
425 1
426 1
427 1
428 1
429 1
430 1
431 1
432 1
433 1
434 1
435 1
436 1
437 1
438 1
439 1
440 1
441 1
442 1
443 1
444 1
445 1
446 1
447 1
448 1
449 1
450 1
451 1
452 1
453 1
454 1
455 1
456 1
457 1
458 1
459 1
460 1
461 1
462 1
463 1
464 1
465 1
466 1
467 1
468 1
469 1
470 1
471 1
472 1
473 1
474 1
475 1
476 1
477 1
478 1
479 1
480 1
481 1
482 1
483 1
484 1
485 1
486 1
487 1
488 1
489 1
490 1
491 1
492 1
493 1
494 1
495 1
496 1
497 1
498 1
499 1
500 1
501 1
502 1
503 1
504 1
505 1
506 1
507 1
508 1
509 1
510 1
511 1
512 1
513 1
514 1
515 1
516 1
517 1
518 1
519 1
520 1
521 1
522 1
523 1
524 1
525 1
526 1
527 1
528 1
529 1
530 1
531 1
532 1
533 1
534 1
535 1
536 1
537 1
538 1
539 1
540 1
541 1
542 1
543 1
544 1
545 1
546 1
547 1
548 1
549 1
550 1
551 1
552 1
553 1
554 1
555 1
556 1
557 1
558 1
559 1
560 1
561 1
562 1
563 1
564 1
565 1
566 1
567 1
568 1
569 1
570 1
571 1
572 1
573 1
574 1
575 1
576 1
577 1
578 1
579 1
580 1
581 1
582 1
583 1
584 1
585 1
586 1
587 1
588 1
589 1
590 1
591 1
592 1
593 1
594 1
595 1
596 1
597 1
598 1
599 1
600 1
601 1
602 1
603 1
604 1
605 1
606 1
607 1
608 1
609 1
610 1
611 1
612 1
613 1
614 1
615 1
616 1
617 1
618 1
619 1
620 1
621 1
622 1
623 1
624 1
625 1
626 1
627 1
628 1
629 1
630 1
631 1
632 1
633 1
634 1
635 1
636 1
637 1
638 1
639 1
640 1
641 1
642 1
643 1
644 1
645 1
646 1
647 1
648 1
649 1
650 1
651 1
652 1
653 1
654 1
655 1
656 1
657 1
658 1
659 1
660 1
661 1
662 1
663 1
664 1
665 1
666 1
667 1
668 1
669 1
670 1
671 1
672 1
673 1
674 1
675 1
676 1
677 1
678 1
679 1
680 1
681 1
682 1
683 1
684 1
685 1
686 1
687 1
688 1
689 1
690 1
691 1
692 1
693 1
694 1
695 1
696 1
697 1
698 1
699 1
700 1
701 1
702 1
703 1
704 1
705 1
706 1
707 1
708 1
709 1
710 1
711 1
712 1
713 1
714 1
715 1
716 1
717 1
718 1
719 1
720 1
721 1
722 1
723 1
724 1
725 1
726 1
727 1
728 1
729 1
730 1
731 1
732 1
733 1
734 1
735 1
736 1
737 1
738 1
739 1
740 1
741 1
742 1
743 1
744 1
745 1
746 1
747 1
748 1
749 1
750 1
751 1
752 1
753 1
754 1
755 1
756 1
757 1
758 1
759 1
760 1
761 1
762 1
763 1
764 1
765 1
766 1
767 1
768 1
769 1
770 1
771 1
772 1
773 1
774 1
775 1
776 1
777 1
778 1
779 1
780 1
781 1
782 1
783 1
784 1
785 1
786 1
787 1
788 1
789 1
790 1
791 1
792 1
793 1
794 1
795 1
796 1
797 1
798 1
799 1
800 1
801 1
802 1
803 1
804 1
805 1
806 1
807 1
808 1
809 1
810 1
811 1
812 1
813 1
814 1
815 1
816 1
817 1
818 1
819 1
820 1
821 1
822 1
823 1
824 1
825 1
826 1
827 1
828 1
829 1
830 1
831 1
832 1
833 1
834 1
835 1
836 1
837 1
838 1
839 1
840 1
841 1
842 1
843 1
844 1
845 1
846 1
847 1
848 1
849 1
850 1
851 1
852 1
853 1
854 1
855 1
856 1
857 1
858 1
859 1
860 1
861 1
862 1
863 1
864 1
865 1
866 1
867 1
868 1
869 1
870 1
871 1
872 1
873 1
874 1
875 1
876 1
877 1
878 1
879 1
880 1
881 1
882 1
883 1
884 1
885 1
886 1
887 1
888 1
889 1
890 1
891 1
892 1
893 1
894 1
895 1
896 1
897 1
898 1
899 1
900 1
901 1
902 1
903 1
904 1
905 1
906 1
907 1
908 1
909 1
910 1
911 1
912 1
913 1
914 1
915 1
916 1
917 1
918 1
919 1
920 1
921 1
922 1
923 1
924 1
925 1
926 1
927 1
928 1
929 1
930 1
931 1
932 1
933 1
934 1
935 1
936 1
937 1
938 1
939 1
940 1
941 1
942 1
943 1
944 1
945 1
946 1
947 1
948 1
949 1
950 1
951 1
952 1
953 1
954 1
955 1
956 1
957 1
958 1
959 1
960 1
961 1
962 1
963 1
964 1
965 1
966 1
967 1
968 1
969 1
970 1
971 1
972 1
973 1
974 1
975 1
976 1
977 1
978 1
979 1
980 1
981 1
982 1
983 1
984 1
985 1
986 1
987 1
988 1
989 1
990 1
991 1
992 1
993 1
994 1
995 1
996 1
997 1
998 1
999 1
1000 1
1001 1
1002 1
1003 1
1004 1
1005 1
1006 1
1007 1
1008 1
1009 1
1010 1
1011 1
1012 1
1013 1
1014 1
1015 1
1016 1
1017 1
1018 1
1019 1
1020 1
1021 1
1022 1
1023 1
1024 1
1025 1
1026 1
1027 1
1028 1
1029 1
1030 1
1031 1
1032 1
1033 1
1034 1
1035 1
1036 1
1037 1
1038 1
1039 1
1040 1
1041 1
1042 1
1043 1
1044 1
1045 1
1046 1
1047 1
1048 1
1049 1
1050 1
1051 1
1052 1
1053 1
1054 1
1055 1
1056 1
1057 1
1058 1
1059 1
1060 1
1061 1
1062 1
1063 1
1064 1
1065 1
1066 1
1067 1
1068 1
1069 1
1070 1
1071 1
1072 1
1073 1
1074 1
1075 1
1076 1
1077 1
1078 1
1079 1
1080 1
1081 1
1082 1
1083 1
1084 1
1085 1
1086 1
1087 1
1088 1
1089 1
1090 1
1091 1
1092 1
1093 1
1094 1
1095 1
1096 1
1097 1
1098 1
1099 1
1100 1
1101 1
1102 1
1103 1
1104 1
1105 1
1106 1
1107 1
1108 1
1109 1
1110 1
1111 1
1112 1
1113 1
1114 1
1115 1
1116 1
1117 1
1118 1
1119 1
1120 1
1121 1
1122 1
1123 1
1124 1
1125 1
1126 1
1127 1
1128 1
1129 1
1130 1
1131 1
1132 1
1133 1
1134 1
1135 1
1136 1
1137 1
1138 1
1139 1
1140 1
1141 1
1142 1
1143 1
1144 1
1145 1
1146 1
1147 1
1148 1
1149 1
1150 1
1151 1
1152 1
1153 1
1154 1
1155 1
1156 1
1157 1
1158 1
1159 1
1160 1
1161 1
1162 1
1163 1
1164 1
1165 1
1166 1
1167 1
1168 1
1169 1
1170 1
1171 1
1172 1
1173 1
1174 1
1175 1
1176 1
1177 1
1178 1
1179 1
1180 1
1181 1
1182 1
1183 1
1184 1
1185 1
1186 1
1187 1
1188 1
1189 1
1190 1
1191 1
1192 1
1193 1
1194 1
1195 1
1196 1
1197 1
1198 1
1199 1
1200 1
1201 1
1202 1
1203 1
1204 1
1205 1
1206 1
1207 1
1208 1
1209 1
1210 1
1211 1
1212 1
1213 1
1214 1
1215 1
1216 1
1217 1
1218 1
1219 1
1220 1
1221 1
1222 1
1223 1
1224 1
1225 1
1226 1
1227 1
1228 1
1229 1
1230 1
1231 1
1232 1
1233 1
1234 1
1235 1
1236 1
1237 1
1238 1
1239 1
1240 1
1241 1
1242 1
1243 1
1244 1
1245 1
1246 1
1247 1
1248 1
1249 1
1250 1
1251 1
1252 1
1253 1
1254 1
1255 1
1256 1
1257 1
1258 1
1259 1
1260 1
1261 1
1262 1
1263 1
1264 1
1265 1
1266 1
1267 1
1268 1
1269 1
1270 1
1271 1
1272 1
1273 1
1274 1
1275 1
1276 1
1277 1
1278 1
1279 1
1280 1
1281 1
1282 1
1283 1
1284 1
1285 1
1286 1
1287 1
1288 1
1289 1
1290 1
1291 1
1292 1
1293 1
1294 1
1295 1
1296 1
1297 1
1298 1
1299 1
1300 1
1301 1
1302 1
1303 1
1304 1
1305 1
1306 1
1307 1
1308 1
1309 1
1310 1
1311 1
1312 1
1313 1
1314 1
1315 1
1316 1
1317 1
1318 1
1319 1
1320 1
1321 1
1322 1
1323 1
1324 1
1325 1
1326 1
1327 1
1328 1
1329 1
1330 1
1331 1
1332 1
1333 1
1334 1
1335 1
1336 1
1337 1
1338 1
1339 1
1340 1
1341 1
1342 1
1343 1
1344 1
1345 1
1346 1
1347 1
1348 1
1349 1
1350 1
1351 1
1352 1
1353 1
1354 1
1355 1
1356 1
1357 1
1358 1
1359 1
1360 1
1361 1
1362 1
1363 1
1364 1
1365 1
1366 1
1367 1
1368 1
1369 1
1370 1
1371 1
1372 1
1373 1
1374 1
1375 1
1376 1
1377 1
1378 1
1379 1
1380 1
1381 1
1382 1
1383 1
1384 1
1385 1
1386 1
1387 1
1388 1
1389 1
1390 1
1391 1
1392 1
1393 1
1394 1
1395 1
1396 1
1397 1
1398 1
1399 1
1400 1
1401 1
1402 1
1403 1
1404 1
1405 1
1406 1
1407 1
1408 1
1409 1
1410 1
1411 1
1412 1
1413 1
1414 1
1415 1
1416 1
1417 1
1418 1
1419 1
1420 1
1421 1
1422 1
1423 1
1424 1
1425 1
1426 1
1427 1
1428 1
1429 1
1430 1
1431 1
1432 1
1433 1
1434 1
1435 1
1436 1
1437 1
1438 1
1439 1
1440 1
1441 1
1442 1
1443 1
1444 1
1445 1
1446 1
1447 1
1448 1
1449 1
1450 1
1451 1
1452 1
1453 1
1454 1
1455 1
1456 1
1457 1
1458 1
1459 1
1460 1
1461 1
1462 1
1463 1
1464 1
1465 1
1466 1
1467 1
1468 1
1469 1
1470 1
1471 1
1472 1
1473 1
1474 1
1475 1
1476 1
1477 1
1478 1
1479 1
1480 1
1481 1
1482 1
1483 1
1484 1
1485 1
1486 1
1487 1
1488 1
1489 1
1490 1
1491 1
1492 1
1493 1
1494 1
1495 1
1496 1
1497 1
1498 1
1499 1
1500 1
1501 1
1502 1
1503 1
1504 1
1505 1
1506 1
1507 1
1508 1
1509 1
1510 1
1511 1
1512 1
1513 1
1514 1
1515 1
1516 1
1517 1
1518 1
1519 1
1520 1
1521 1
1522 1
1523 1
1524 1
1525 1
1526 1
1527 1
1528 1
1529 1
1530 1
1531 1
1532 1
1533 1
1534 1
1535 1
1536 1
1537 1
1538 1
1539 1
1540 1
1541 1
1542 1
1543 1
1544 1
1545 1
1546 1
1547 1
1548 1
1549 1
1550 1
1551 1
1552 1
1553 1
1554 1
1555 1
1556 1
1557 1
1558 1
1559 1
1560 1
1561 1
1562 1
1563 1
1564 1
1565 1
1566 1
1567 1
1568 1
1569 1
1570 1
1571 1
1572 1
1573 1
1574 1
1575 1
1576 1
1577 1
1578 1
1579 1
1580 1
1581 1
1582 1
1583 1
1584 1
1585 1
1586 1
1587 1
1588 1
1589 1
1590 1
1591 1
1592 1
1593 1
1594 1
1595 1
1596 1
1597 1
1598 1
1599 1
1600 1
1601 1
1602 1
1603 1
1604 1
1605 1
1606 1
1607 1
1608 1
1609 1
1610 1
1611 1
1612 1
1613 1
1614 1
1615 1
1616 1
1617 1
1618 1
1619 1
1620 1
1621 1
1622 1
1623 1
1624 1
1625 1
1626 1
1627 1
1628 1
1629 1
1630 1
1631 1
1632 1
1633 1
1634 1
1635 1
1636 1
1637 1
1638 1
1639 1
1640 1
1641 1
1642 1
1643 1
1644 1
1645 1
1646 1
1647 1
1648 1
1649 1
1650 1
1651 1
1652 1
1653 1
1654 1
1655 1
1656 1
1657 1
1658 1
1659 1
1660 1
1661 1
1662 1
1663 1
1664 1
1665 1
1666 1
1667 1
1668 1
1669 1
1670 1
1671 1
1672 1
1673 1
1674 1
1675 1
1676 1
1677 1
1678 1
1679 1
1680 1
1681 1
1682 1
1683 1
1684 1
1685 1
1686 1
1687 1
1688 1
1689 1
1690 1
1691 1
1692 1
1693 1
1694 1
1695 1
1696 1
1697 1
1698 1
1699 1
1700 1
1701 1
1702 1
1703 1
1704 1
1705 1
1706 1
1707 1
1708 1
1709 1
1710 1
1711 1
1712 1
1713 1
1714 1
1715 1
1716 1
1717 1
1718 1
1719 1
1720 1
1721 1
1722 1
1723 1
1724 1
1725 1
1726 1
1727 1
1728 1
1729 1
1730 1
1731 1
1732 1
1733 1
1734 1
1735 1
1736 1
1737 1
1738 1
1739 1
1740 1
1741 1
1742 1
1743 1
1744 1
1745 1
1746 1
1747 1
1748 1
1749 1
1750 1
1751 1
1752 1
1753 1
1754 1
1755 1
1756 1
1757 1
1758 1
1759 1
1760 1
1761 1
1762 1
1763 1
1764 1
1765 1
1766 1
1767 1
1768 1
1769 1
1770 1
1771 1
1772 1
1773 1
1774 1
1775 1
1776 1
1777 1
1778 1
1779 1
1780 1
1781 1
1782 1
1783 1
1784 1
1785 1
1786 1
1787 1
1788 1
1789 1
1790 1
1791 1
1792 1
1793 1
1794 1
1795 1
1796 1
1797 1
1798 1
1799 1
1800 1
1801 1
1802 1
1803 1
1804 1
1805 1
1806 1
1807 1
1808 1
1809 1
1810 1
1811 1
1812 1
1813 1
1814 1
1815 1
1816 1
1817 1
1818 1
1819 1
1820 1
1821 1
1822 1
1823 1
1824 1
1825 1
1826 1
1827 1
1828 1
1829 1
1830 1
1831 1
1832 1
1833 1
1834 1
1835 1
1836 1
1837 1
1838 1
1839 1
1840 1
1841 1
1842 1
1843 1
1844 1
1845 1
1846 1
1847 1
1848 1
1849 1
1850 1
1851 1
1852 1
1853 1
1854 1
1855 1
1856 1
1857 1
1858 1
1859 1
1860 1
1861 1
1862 1
1863 1
1864 1
1865 1
1866 1
1867 1
1868 1
1869 1
1870 1
1871 1
1872 1
1873 1
1874 1
1875 1
1876 1
1877 1
1878 1
1879 1
1880 1
1881 1
1882 1
1883 1
1884 1
1885 1
1886 1
1887 1
1888 1
1889 1
1890 1
1891 1
1892 1
1893 1
1894 1
1895 1
1896 1
1897 1
1898 1
1899 1
1900 1
1901 1
1902 1
1903 1
1904 1
1905 1
1906 1
1907 1
1908 1
1909 1
1910 1
1911 1
1912 1
1913 1
1914 1
1915 1
1916 1
1917 1
1918 1
1919 1
1920 1
1921 1
1922 1
1923 1
1924 1
1925 1
1926 1
1927 1
1928 1
1929 1
1930 1
1931 1
1932 1
1933 1
1934 1
1935 1
1936 1
1937 1
1938 1
1939 1
1940 1
1941 1
1942 1
1943 1
1944 1
1945 1
1946 1
1947 1
1948 1
1949 1
1950 1
1951 1
1952 1
1953 1
1954 1
1955 1
1956 1
1957 1
1958 1
1959 1
1960 1
1961 1
1962 1
1963 1
1964 1
1965 1
1966 1
1967 1
1968 1
1969 1
1970 1
1971 1
1972 1
1973 1
1974 1
1975 1
1976 1
1977 1
1978 1
1979 1
1980 1
1981 1
1982 1
1983 1
1984 1
1985 1
1986 1
1987 1
1988 1
1989 1
1990 1
1991 1
1992 1
1993 1
1994 1
1995 1
1996 1
1997 1
1998 1
1999 1
2000 1
2001
S 1 11
1 2 13
2 3 5
3 4 11
4 5 7
5 6 2
6 7 18
7 8 15
8 9 8
9 10 11
10 11 20
11 12 18
12 13 2
13 14 14
14 15 12
15 16 11
16 17 6
17 18 6
18 19 11
19 20 11
20 21 8
21 22 18
22 23 11
23 24 1
24 25 6
25 26 17
26 27 20
27 28 17
28 29 11
29 30 5
30 31 9
31 32 2
32 33 17
33 34 3
34 35 20
35 36 8
36 37 11
37 38 14
38 39 1
39 40 19
40 41 16
41 42 20
42 43 4
43 44 11
44 45 7
45 46 18
46 47 16
47 48 4
48 49 15
49 50 19
50 51 6
51 52 3
52 53 17
53 54 19
54 55 16
55 56 16
56 57 9
57 58 7
58 59 4
59 60 6
60 61 13
61 62 1
62 63 10
63 64 4
64 65 11
65 66 16
66 67 8
67 68 11
68 69 20
69 70 15
70 71 3
71 72 19
72 73 20
73 74 9
74 75 8
75 76 19
76 77 10
77 78 1
78 79 13
79 80 4
80 81 8
81 82 12
82 83 19
83 84 18
84 85 16
85 86 15
86 87 19
87 88 20
88 89 16
89 90 8
90 91 17
91 92 5
92 93 19
93 94 2
94 95 10
95 96 2
96 97 19
97 98 4
98 99 5
99 100 19
100 101 16
101 102 12
102 103 18
103 104 15
104 105 20
105 106 3
106 107 14
107 108 5
108 109 15
109 110 14
110 111 1
111 112 1
112 113 10
113 114 3
114 115 5
115 116 4
116 117 11
117 118 9
118 119 10
119 120 3
120 121 11
121 122 7
122 123 1
123 124 19
124 125 16
125 126 13
126 127 16
127 128 16
128 129 5
129 130 2
130 131 14
131 132 8
132 133 7
133 134 6
134 135 1
135 136 20
136 137 2
137 138 6
138 139 4
139 140 14
140 141 3
141 142 2
142 143 10
143 144 9
144 145 9
145 146 2
146 147 19
147 148 20
148 149 16
149 150 6
150 151 15
151 152 14
152 153 17
153 154 3
154 155 4
155 156 6
156 157 16
157 158 15
158 159 18
159 160 20
160 161 20
161 162 17
162 163 1
163 164 2
164 165 8
165 166 14
166 167 7
167 168 8
168 169 16
169 170 4
170 171 4
171 172 11
172 173 5
173 174 20
174 175 17
175 176 14
176 177 11
177 178 17
178 179 14
179 180 11
180 181 16
181 182 18
182 183 14
183 184 3
184 185 4
185 186 10
186 187 6
187 188 2
188 189 16
189 190 17
190 191 12
191 192 20
192 193 16
193 194 12
194 195 14
195 196 7
196 197 11
197 198 16
198 199 15
199 200 18
200 201 6
201 202 3
202 203 18
203 204 4
204 205 19
205 206 10
206 207 19
207 208 7
208 209 4
209 210 9
210 211 3
211 212 18
212 213 20
213 214 20
214 215 1
215 216 11
216 217 8
217 218 14
218 219 4
219 220 8
220 221 2
221 222 20
222 223 2
223 224 15
224 225 2
225 226 12
226 227 16
227 228 3
228 229 2
229 230 11
230 231 4
231 232 17
232 233 5
233 234 13
234 235 5
235 236 3
236 237 5
237 238 2
238 239 17
239 240 5
240 241 12
241 242 20
242 243 14
243 244 1
244 245 12
245 246 17
246 247 10
247 248 5
248 249 1
249 250 11
250 251 19
251 252 10
252 253 18
253 254 2
254 255 13
255 256 20
256 257 10
257 258 11
258 259 20
259 260 20
260 261 1
261 262 7
262 263 20
263 264 4
264 265 5
265 266 6
266 267 12
267 268 19
268 269 2
269 270 7
270 271 15
271 272 10
272 273 12
273 274 4
274 275 10
275 276 10
276 277 4
277 278 18
278 279 8
279 280 18
280 281 7
281 282 16
282 283 9
283 284 14
284 285 3
285 286 5
286 287 8
287 288 9
288 289 8
289 290 11
290 291 14
291 292 10
292 293 4
293 294 10
294 295 10
295 296 20
296 297 9
297 298 14
298 299 5
299 300 8
300 301 16
301 302 6
302 303 18
303 304 15
304 305 6
305 306 10
306 307 14
307 308 4
308 309 19
309 310 16
310 311 18
311 312 20
312 313 2
313 314 14
314 315 9
315 316 14
316 317 19
317 318 10
318 319 3
319 320 9
320 321 17
321 322 18
322 323 16
323 324 7
324 325 9
325 326 8
326 327 17
327 328 2
328 329 5
329 330 1
330 331 8
331 332 18
332 333 5
333 334 4
334 335 8
335 336 13
336 337 16
337 338 8
338 339 4
339 340 13
340 341 1
341 342 6
342 343 10
343 344 1
344 345 17
345 346 5
346 347 18
347 348 8
348 349 18
349 350 9
350 351 6
351 352 2
352 353 20
353 354 6
354 355 7
355 356 15
356 357 20
357 358 5
358 359 10
359 360 14
360 361 13
361 362 13
362 363 3
363 364 14
364 365 8
365 366 17
366 367 3
367 368 3
368 369 11
369 370 15
370 371 7
371 372 15
372 373 14
373 374 17
374 375 19
375 376 12
376 377 7
377 378 8
378 379 17
379 380 20
380 381 2
381 382 8
382 383 14
383 384 9
384 385 12
385 386 15
386 387 17
387 388 20
388 389 16
389 390 4
390 391 14
391 392 3
392 393 14
393 394 14
394 395 7
395 396 16
396 397 17
397 398 12
398 399 6
399 400 19
400 401 13
401 402 16
402 403 8
403 404 15
404 405 3
405 406 16
406 407 8
407 408 6
408 409 20
409 410 3
410 411 11
411 412 5
412 413 16
413 414 3
414 415 16
415 416 11
416 417 12
417 418 12
418 419 16
419 420 19
420 421 8
421 422 6
422 423 11
423 424 5
424 425 12
425 426 2
426 427 14
427 428 19
428 429 13
429 430 4
430 431 3
431 432 9
432 433 7
433 434 6
434 435 20
435 436 18
436 437 6
437 438 6
438 439 11
439 440 8
440 441 6
441 442 6
442 443 1
443 444 18
444 445 12
445 446 19
446 447 11
447 448 4
448 449 15
449 450 4
450 451 10
451 452 17
452 453 17
453 454 1
454 455 11
455 456 14
456 457 2
457 458 17
458 459 16
459 460 2
460 461 4
461 462 17
462 463 5
463 464 17
464 465 8
465 466 7
466 467 9
467 468 12
468 469 2
469 470 2
470 471 13
471 472 13
472 473 17
473 474 14
474 475 8
475 476 10
476 477 11
477 478 12
478 479 8
479 480 7
480 481 10
481 482 4
482 483 10
483 484 9
484 485 4
485 486 13
486 487 10
487 488 4
488 489 3
489 490 12
490 491 12
491 492 9
492 493 18
493 494 5
494 495 16
495 496 6
496 497 12
497 498 19
498 499 5
499 500 16
500 501 9
501 502 12
502 503 20
503 504 18
504 505 7
505 506 9
506 507 14
507 508 5
508 509 9
509 510 8
510 511 2
511 512 3
512 513 17
513 514 9
514 515 12
515 516 17
516 517 2
517 518 16
518 519 3
519 520 6
520 521 11
521 522 20
522 523 13
523 524 4
524 525 1
525 526 18
526 527 19
527 528 2
528 529 7
529 530 14
530 531 15
531 532 12
532 533 19
533 534 14
534 535 2
535 536 12
536 537 5
537 538 5
538 539 2
539 540 9
540 541 3
541 542 9
542 543 19
543 544 19
544 545 11
545 546 10
546 547 20
547 548 11
548 549 13
549 550 4
550 551 20
551 552 17
552 553 8
553 554 13
554 555 11
555 556 14
556 557 13
557 558 7
558 559 14
559 560 16
560 561 18
561 562 19
562 563 3
563 564 16
564 565 19
565 566 14
566 567 13
567 568 3
568 569 16
569 570 3
570 571 20
571 572 4
572 573 1
573 574 8
574 575 17
575 576 17
576 577 7
577 578 14
578 579 6
579 580 20
580 581 5
581 582 8
582 583 3
583 584 13
584 585 8
585 586 9
586 587 9
587 588 17
588 589 17
589 590 4
590 591 17
591 592 5
592 593 7
593 594 7
594 595 7
595 596 3
596 597 6
597 598 20
598 599 16
599 600 16
600 601 18
601 602 1
602 603 3
603 604 5
604 605 8
605 606 15
606 607 13
607 608 11
608 609 13
609 610 5
610 611 20
611 612 7
612 613 4
613 614 18
614 615 20
615 616 18
616 617 16
617 618 16
618 619 9
619 620 10
620 621 5
621 622 1
622 623 5
623 624 2
624 625 3
625 626 15
626 627 7
627 628 8
628 629 18
629 630 14
630 631 5
631 632 1
632 633 15
633 634 3
634 635 16
635 636 6
636 637 10
637 638 8
638 639 4
639 640 20
640 641 13
641 642 11
642 643 3
643 644 7
644 645 7
645 646 1
646 647 3
647 648 18
648 649 15
649 650 2
650 651 9
651 652 6
652 653 6
653 654 15
654 655 5
655 656 12
656 657 8
657 658 4
658 659 14
659 660 15
660 661 2
661 662 13
662 663 16
663 664 4
664 665 16
665 666 3
666 667 1
667 668 12
668 669 12
669 670 1
670 671 18
671 672 8
672 673 11
673 674 10
674 675 9
675 676 10
676 677 6
677 678 13
678 679 16
679 680 7
680 681 9
681 682 13
682 683 11
683 684 13
684 685 14
685 686 14
686 687 20
687 688 14
688 689 13
689 690 6
690 691 11
691 692 19
692 693 7
693 694 2
694 695 19
695 696 13
696 697 3
697 698 14
698 699 11
699 700 3
700 701 10
701 702 13
702 703 7
703 704 6
704 705 12
705 706 1
706 707 17
707 708 5
708 709 3
709 710 17
710 711 17
711 712 2
712 713 5
713 714 12
714 715 10
715 716 9
716 717 20
717 718 16
718 719 9
719 720 10
720 721 15
721 722 4
722 723 5
723 724 7
724 725 6
725 726 18
726 727 5
727 728 11
728 729 16
729 730 14
730 731 11
731 732 14
732 733 2
733 734 12
734 735 13
735 736 20
736 737 6
737 738 2
738 739 6
739 740 2
740 741 18
741 742 12
742 743 8
743 744 9
744 745 5
745 746 12
746 747 3
747 748 11
748 749 20
749 750 3
750 751 14
751 752 18
752 753 16
753 754 14
754 755 16
755 756 16
756 757 13
757 758 2
758 759 19
759 760 20
760 761 16
761 762 10
762 763 4
763 764 12
764 765 1
765 766 20
766 767 6
767 768 10
768 769 7
769 770 19
770 771 13
771 772 2
772 773 6
773 774 16
774 775 20
775 776 19
776 777 8
777 778 12
778 779 13
779 780 14
780 781 1
781 782 9
782 783 19
783 784 17
784 785 5
785 786 18
786 787 7
787 788 11
788 789 4
789 790 7
790 791 5
791 792 17
792 793 10
793 794 2
794 795 2
795 796 15
796 797 17
797 798 18
798 799 12
799 800 11
800 801 7
801 802 13
802 803 20
803 804 1
804 805 17
805 806 18
806 807 5
807 808 15
808 809 12
809 810 7
810 811 8
811 812 5
812 813 4
813 814 20
814 815 12
815 816 11
816 817 18
817 818 8
818 819 7
819 820 19
820 821 12
821 822 7
822 823 11
823 824 3
824 825 6
825 826 19
826 827 7
827 828 16
828 829 12
829 830 6
830 831 2
831 832 4
832 833 2
833 834 18
834 835 19
835 836 5
836 837 5
837 838 9
838 839 4
839 840 1
840 841 16
841 842 4
842 843 20
843 844 4
844 845 9
845 846 11
846 847 13
847 848 5
848 849 20
849 850 12
850 851 13
851 852 20
852 853 11
853 854 19
854 855 1
855 856 8
856 857 13
857 858 1
858 859 13
859 860 15
860 861 12
861 862 18
862 863 1
863 864 14
864 865 9
865 866 12
866 867 7
867 868 20
868 869 20
869 870 10
870 871 3
871 872 9
872 873 18
873 874 17
874 875 3
875 876 16
876 877 18
877 878 13
878 879 5
879 880 15
880 881 1
881 882 4
882 883 18
883 884 3
884 885 20
885 886 6
886 887 16
887 888 1
888 889 20
889 890 16
890 891 15
891 892 14
892 893 5
893 894 16
894 895 18
895 896 14
896 897 8
897 898 14
898 899 10
899 900 8
900 901 6
901 902 4
902 903 13
903 904 1
904 905 11
905 906 6
906 907 8
907 908 6
908 909 19
909 910 12
910 911 12
911 912 15
912 913 11
913 914 18
914 915 1
915 916 8
916 917 2
917 918 10
918 919 20
919 920 4
920 921 19
921 922 3
922 923 2
923 924 9
924 925 9
925 926 7
926 927 13
927 928 11
928 929 17
929 930 3
930 931 4
931 932 16
932 933 14
933 934 16
934 935 3
935 936 8
936 937 14
937 938 2
938 939 14
939 940 9
940 941 5
941 942 3
942 943 19
943 944 10
944 945 16
945 946 9
946 947 16
947 948 9
948 949 13
949 950 11
950 951 13
951 952 15
952 953 15
953 954 12
954 955 18
955 956 9
956 957 17
957 958 3
958 959 18
959 960 1
960 961 8
961 962 16
962 963 17
963 964 18
964 965 14
965 966 6
966 967 8
967 968 20
968 969 17
969 970 8
970 971 3
971 972 9
972 973 5
973 974 16
974 975 12
975 976 15
976 977 13
977 978 19
978 979 13
979 980 4
980 981 19
981 982 2
982 983 18
983 984 13
984 985 10
985 986 4
986 987 3
987 988 20
988 989 18
989 990 16
990 991 4
991 992 15
992 993 5
993 994 7
994 995 18
995 996 5
996 997 1
997 998 1
998 999 9
999 1000 14
1000 1001 5
1001 1002 7
1002 1003 3
1003 1004 17
1004 1005 4
1005 1006 1
1006 1007 11
1007 1008 20
1008 1009 9
1009 1010 19
1010 1011 9
1011 1012 9
1012 1013 19
1013 1014 13
1014 1015 7
1015 1016 9
1016 1017 13
1017 1018 13
1018 1019 14
1019 1020 10
1020 1021 4
1021 1022 2
1022 1023 20
1023 1024 1
1024 1025 4
1025 1026 6
1026 1027 1
1027 1028 4
1028 1029 19
1029 1030 16
1030 1031 20
1031 1032 4
1032 1033 4
1033 1034 1
1034 1035 2
1035 1036 19
1036 1037 9
1037 1038 1
1038 1039 9
1039 1040 3
1040 1041 2
1041 1042 17
1042 1043 19
1043 1044 13
1044 1045 15
1045 1046 13
1046 1047 20
1047 1048 1
1048 1049 20
1049 1050 8
1050 1051 17
1051 1052 19
1052 1053 12
1053 1054 16
1054 1055 1
1055 1056 17
1056 1057 2
1057 1058 19
1058 1059 4
1059 1060 8
1060 1061 5
1061 1062 12
1062 1063 8
1063 1064 20
1064 1065 3
1065 1066 11
1066 1067 18
1067 1068 20
1068 1069 16
1069 1070 2
1070 1071 16
1071 1072 6
1072 1073 12
1073 1074 18
1074 1075 3
1075 1076 8
1076 1077 1
1077 1078 18
1078 1079 7
1079 1080 13
1080 1081 19
1081 1082 13
1082 1083 2
1083 1084 17
1084 1085 12
1085 1086 2
1086 1087 16
1087 1088 8
1088 1089 11
1089 1090 17
1090 1091 14
1091 1092 17
1092 1093 14
1093 1094 13
1094 1095 5
1095 1096 7
1096 1097 16
1097 1098 18
1098 1099 10
1099 1100 8
1100 1101 12
1101 1102 15
1102 1103 12
1103 1104 2
1104 1105 9
1105 1106 6
1106 1107 1
1107 1108 9
1108 1109 3
1109 1110 12
1110 1111 18
1111 1112 1
1112 1113 20
1113 1114 6
1114 1115 11
1115 1116 20
1116 1117 5
1117 1118 13
1118 1119 5
1119 1120 16
1120 1121 1
1121 1122 7
1122 1123 10
1123 1124 3
1124 1125 12
1125 1126 5
1126 1127 7
1127 1128 4
1128 1129 10
1129 1130 20
1130 1131 15
1131 1132 15
1132 1133 4
1133 1134 2
1134 1135 7
1135 1136 7
1136 1137 7
1137 1138 2
1138 1139 15
1139 1140 6
1140 1141 2
1141 1142 3
1142 1143 20
1143 1144 20
1144 1145 3
1145 1146 5
1146 1147 11
1147 1148 10
1148 1149 16
1149 1150 10
1150 1151 18
1151 1152 13
1152 1153 12
1153 1154 12
1154 1155 17
1155 1156 4
1156 1157 13
1157 1158 10
1158 1159 16
1159 1160 5
1160 1161 8
1161 1162 8
1162 1163 9
1163 1164 1
1164 1165 9
1165 1166 3
1166 1167 1
1167 1168 8
1168 1169 17
1169 1170 17
1170 1171 13
1171 1172 7
1172 1173 12
1173 1174 15
1174 1175 1
1175 1176 10
1176 1177 17
1177 1178 20
1178 1179 1
1179 1180 2
1180 1181 14
1181 1182 5
1182 1183 12
1183 1184 13
1184 1185 1
1185 1186 8
1186 1187 17
1187 1188 18
1188 1189 16
1189 1190 12
1190 1191 13
1191 1192 18
1192 1193 19
1193 1194 4
1194 1195 17
1195 1196 9
1196 1197 20
1197 1198 2
1198 1199 15
1199 1200 7
1200 1201 19
1201 1202 8
1202 1203 15
1203 1204 12
1204 1205 11
1205 1206 2
1206 1207 12
1207 1208 14
1208 1209 18
1209 1210 5
1210 1211 1
1211 1212 1
1212 1213 16
1213 1214 18
1214 1215 2
1215 1216 18
1216 1217 8
1217 1218 10
1218 1219 5
1219 1220 3
1220 1221 16
1221 1222 12
1222 1223 3
1223 1224 2
1224 1225 2
1225 1226 8
1226 1227 10
1227 1228 2
1228 1229 4
1229 1230 3
1230 1231 7
1231 1232 13
1232 1233 19
1233 1234 9
1234 1235 12
1235 1236 12
1236 1237 17
1237 1238 6
1238 1239 4
1239 1240 6
1240 1241 14
1241 1242 15
1242 1243 7
1243 1244 10
1244 1245 14
1245 1246 9
1246 1247 14
1247 1248 2
1248 1249 11
1249 1250 14
1250 1251 10
1251 1252 3
1252 1253 15
1253 1254 8
1254 1255 14
1255 1256 13
1256 1257 6
1257 1258 20
1258 1259 5
1259 1260 3
1260 1261 13
1261 1262 18
1262 1263 8
1263 1264 8
1264 1265 18
1265 1266 13
1266 1267 18
1267 1268 19
1268 1269 17
1269 1270 16
1270 1271 15
1271 1272 1
1272 1273 10
1273 1274 3
1274 1275 17
1275 1276 10
1276 1277 11
1277 1278 12
1278 1279 17
1279 1280 19
1280 1281 6
1281 1282 5
1282 1283 6
1283 1284 4
1284 1285 5
1285 1286 20
1286 1287 11
1287 1288 10
1288 1289 4
1289 1290 20
1290 1291 1
1291 1292 2
1292 1293 15
1293 1294 10
1294 1295 2
1295 1296 19
1296 1297 10
1297 1298 7
1298 1299 1
1299 1300 6
1300 1301 1
1301 1302 1
1302 1303 15
1303 1304 4
1304 1305 18
1305 1306 5
1306 1307 18
1307 1308 3
1308 1309 14
1309 1310 4
1310 1311 9
1311 1312 16
1312 1313 16
1313 1314 16
1314 1315 5
1315 1316 17
1316 1317 19
1317 1318 11
1318 1319 1
1319 1320 10
1320 1321 10
1321 1322 10
1322 1323 14
1323 1324 15
1324 1325 8
1325 1326 11
1326 1327 1
1327 1328 4
1328 1329 4
1329 1330 6
1330 1331 1
1331 1332 12
1332 1333 17
1333 1334 18
1334 1335 6
1335 1336 11
1336 1337 11
1337 1338 12
1338 1339 8
1339 1340 4
1340 1341 10
1341 1342 20
1342 1343 20
1343 1344 6
1344 1345 20
1345 1346 8
1346 1347 17
1347 1348 14
1348 1349 2
1349 1350 20
1350 1351 14
1351 1352 6
1352 1353 15
1353 1354 13
1354 1355 16
1355 1356 12
1356 1357 11
1357 1358 9
1358 1359 10
1359 1360 7
1360 1361 1
1361 1362 13
1362 1363 5
1363 1364 15
1364 1365 18
1365 1366 15
1366 1367 10
1367 1368 4
1368 1369 18
1369 1370 1
1370 1371 14
1371 1372 1
1372 1373 5
1373 1374 6
1374 1375 20
1375 1376 13
1376 1377 3
1377 1378 20
1378 1379 3
1379 1380 9
1380 1381 9
1381 1382 4
1382 1383 9
1383 1384 1
1384 1385 2
1385 1386 14
1386 1387 18
1387 1388 10
1388 1389 19
1389 1390 3
1390 1391 19
1391 1392 19
1392 1393 18
1393 1394 1
1394 1395 2
1395 1396 12
1396 1397 14
1397 1398 5
1398 1399 13
1399 1400 14
1400 1401 13
1401 1402 20
1402 1403 8
1403 1404 18
1404 1405 13
1405 1406 5
1406 1407 2
1407 1408 3
1408 1409 14
1409 1410 9
1410 1411 1
1411 1412 13
1412 1413 8
1413 1414 7
1414 1415 20
1415 1416 7
1416 1417 6
1417 1418 14
1418 1419 5
1419 1420 10
1420 1421 5
1421 1422 4
1422 1423 4
1423 1424 18
1424 1425 20
1425 1426 17
1426 1427 6
1427 1428 20
1428 1429 4
1429 1430 1
1430 1431 17
1431 1432 12
1432 1433 14
1433 1434 13
1434 1435 1
1435 1436 17
1436 1437 7
1437 1438 15
1438 1439 6
1439 1440 11
1440 1441 5
1441 1442 19
1442 1443 16
1443 1444 4
1444 1445 9
1445 1446 6
1446 1447 20
1447 1448 2
1448 1449 3
1449 1450 16
1450 1451 18
1451 1452 8
1452 1453 4
1453 1454 5
1454 1455 17
1455 1456 8
1456 1457 14
1457 1458 17
1458 1459 5
1459 1460 9
1460 1461 13
1461 1462 14
1462 1463 18
1463 1464 9
1464 1465 19
1465 1466 5
1466 1467 12
1467 1468 6
1468 1469 4
1469 1470 12
1470 1471 4
1471 1472 9
1472 1473 4
1473 1474 16
1474 1475 3
1475 1476 10
1476 1477 15
1477 1478 8
1478 1479 4
1479 1480 7
1480 1481 18
1481 1482 12
1482 1483 12
1483 1484 4
1484 1485 19
1485 1486 18
1486 1487 11
1487 1488 11
1488 1489 4
1489 1490 1
1490 1491 16
1491 1492 17
1492 1493 3
1493 1494 13
1494 1495 6
1495 1496 2
1496 1497 11
1497 1498 18
1498 1499 17
1499 1500 14
1500 1501 15
1501 1502 16
1502 1503 5
1503 1504 2
1504 1505 7
1505 1506 16
1506 1507 9
1507 1508 20
1508 1509 19
1509 1510 7
1510 1511 16
1511 1512 16
1512 1513 5
1513 1514 2
1514 1515 7
1515 1516 1
1516 1517 7
1517 1518 2
1518 1519 1
1519 1520 7
1520 1521 2
1521 1522 15
1522 1523 16
1523 1524 13
1524 1525 13
1525 1526 11
1526 1527 2
1527 1528 17
1528 1529 17
1529 1530 1
1530 1531 17
1531 1532 13
1532 1533 1
1533 1534 17
1534 1535 9
1535 1536 14
1536 1537 15
1537 1538 4
1538 1539 7
1539 1540 11
1540 1541 10
1541 1542 10
1542 1543 5
1543 1544 10
1544 1545 7
1545 1546 6
1546 1547 2
1547 1548 9
1548 1549 17
1549 1550 15
1550 1551 7
1551 1552 8
1552 1553 11
1553 1554 16
1554 1555 12
1555 1556 12
1556 1557 5
1557 1558 10
1558 1559 15
1559 1560 4
1560 1561 6
1561 1562 18
1562 1563 3
1563 1564 15
1564 1565 5
1565 1566 3
1566 1567 9
1567 1568 16
1568 1569 8
1569 1570 15
1570 1571 6
1571 1572 2
1572 1573 13
1573 1574 2
1574 1575 15
1575 1576 17
1576 1577 18
1577 1578 6
1578 1579 5
1579 1580 10
1580 1581 17
1581 1582 2
1582 1583 3
1583 1584 12
1584 1585 15
1585 1586 1
1586 1587 11
1587 1588 1
1588 1589 4
1589 1590 14
1590 1591 1
1591 1592 12
1592 1593 17
1593 1594 12
1594 1595 17
1595 1596 1
1596 1597 4
1597 1598 15
1598 1599 16
1599 1600 20
1600 1601 1
1601 1602 13
1602 1603 10
1603 1604 9
1604 1605 6
1605 1606 10
1606 1607 18
1607 1608 4
1608 1609 12
1609 1610 16
1610 1611 2
1611 1612 17
1612 1613 1
1613 1614 8
1614 1615 10
1615 1616 1
1616 1617 14
1617 1618 9
1618 1619 17
1619 1620 1
1620 1621 16
1621 1622 12
1622 1623 13
1623 1624 1
1624 1625 2
1625 1626 17
1626 1627 16
1627 1628 16
1628 1629 12
1629 1630 19
1630 1631 9
1631 1632 17
1632 1633 11
1633 1634 11
1634 1635 3
1635 1636 10
1636 1637 1
1637 1638 17
1638 1639 3
1639 1640 16
1640 1641 2
1641 1642 13
1642 1643 9
1643 1644 14
1644 1645 16
1645 1646 14
1646 1647 8
1647 1648 7
1648 1649 3
1649 1650 16
1650 1651 2
1651 1652 6
1652 1653 19
1653 1654 2
1654 1655 8
1655 1656 3
1656 1657 2
1657 1658 2
1658 1659 3
1659 1660 11
1660 1661 16
1661 1662 5
1662 1663 4
1663 1664 19
1664 1665 13
1665 1666 17
1666 1667 7
1667 1668 6
1668 1669 11
1669 1670 12
1670 1671 7
1671 1672 12
1672 1673 5
1673 1674 12
1674 1675 13
1675 1676 14
1676 1677 20
1677 1678 20
1678 1679 2
1679 1680 10
1680 1681 13
1681 1682 12
1682 1683 15
1683 1684 1
1684 1685 15
1685 1686 10
1686 1687 15
1687 1688 1
1688 1689 2
1689 1690 1
1690 1691 18
1691 1692 18
1692 1693 4
1693 1694 8
1694 1695 18
1695 1696 2
1696 1697 12
1697 1698 17
1698 1699 14
1699 1700 19
1700 1701 3
1701 1702 9
1702 1703 1
1703 1704 16
1704 1705 1
1705 1706 20
1706 1707 8
1707 1708 13
1708 1709 5
1709 1710 13
1710 1711 10
1711 1712 15
1712 1713 10
1713 1714 16
1714 1715 19
1715 1716 7
1716 1717 12
1717 1718 2
1718 1719 17
1719 1720 13
1720 1721 20
1721 1722 20
1722 1723 9
1723 1724 3
1724 1725 19
1725 1726 16
1726 1727 17
1727 1728 11
1728 1729 7
1729 1730 8
1730 1731 19
1731 1732 12
1732 1733 2
1733 1734 7
1734 1735 1
1735 1736 16
1736 1737 2
1737 1738 8
1738 1739 19
1739 1740 3
1740 1741 14
1741 1742 7
1742 1743 9
1743 1744 1
1744 1745 15
1745 1746 6
1746 1747 6
1747 1748 9
1748 1749 10
1749 1750 10
1750 1751 4
1751 1752 16
1752 1753 7
1753 1754 1
1754 1755 3
1755 1756 12
1756 1757 19
1757 1758 5
1758 1759 5
1759 1760 9
1760 1761 2
1761 1762 8
1762 1763 13
1763 1764 12
1764 1765 12
1765 1766 2
1766 1767 5
1767 1768 13
1768 1769 19
1769 1770 1
1770 1771 15
1771 1772 3
1772 1773 16
1773 1774 16
1774 1775 12
1775 1776 1
1776 1777 17
1777 1778 17
1778 1779 17
1779 1780 3
1780 1781 8
1781 1782 9
1782 1783 18
1783 1784 12
1784 1785 14
1785 1786 17
1786 1787 2
1787 1788 8
1788 1789 4
1789 1790 13
1790 1791 11
1791 1792 13
1792 1793 15
1793 1794 2
1794 1795 8
1795 1796 12
1796 1797 1
1797 1798 19
1798 1799 18
1799 1800 19
1800 1801 9
1801 1802 20
1802 1803 9
1803 1804 12
1804 1805 2
1805 1806 15
1806 1807 3
1807 1808 15
1808 1809 17
1809 1810 5
1810 1811 6
1811 1812 11
1812 1813 18
1813 1814 9
1814 1815 6
1815 1816 13
1816 1817 9
1817 1818 18
1818 1819 9
1819 1820 12
1820 1821 3
1821 1822 14
1822 1823 9
1823 1824 18
1824 1825 5
1825 1826 19
1826 1827 15
1827 1828 11
1828 1829 5
1829 1830 7
1830 1831 10
1831 1832 17
1832 1833 16
1833 1834 7
1834 1835 18
1835 1836 17
1836 1837 19
1837 1838 14
1838 1839 12
1839 1840 2
1840 1841 4
1841 1842 3
1842 1843 8
1843 1844 10
1844 1845 6
1845 1846 15
1846 1847 13
1847 1848 19
1848 1849 13
1849 1850 4
1850 1851 10
1851 1852 13
1852 1853 15
1853 1854 13
1854 1855 19
1855 1856 19
1856 1857 7
1857 1858 1
1858 1859 13
1859 1860 14
1860 1861 17
1861 1862 1
1862 1863 9
1863 1864 8
1864 1865 15
1865 1866 13
1866 1867 7
1867 1868 20
1868 1869 10
1869 1870 2
1870 1871 6
1871 1872 20
1872 1873 8
1873 1874 17
1874 1875 2
1875 1876 8
1876 1877 9
1877 1878 9
1878 1879 4
1879 1880 12
1880 1881 4
1881 1882 2
1882 1883 19
1883 1884 10
1884 1885 14
1885 1886 20
1886 1887 20
1887 1888 20
1888 1889 18
1889 1890 6
1890 1891 17
1891 1892 18
1892 1893 6
1893 1894 20
1894 1895 18
1895 1896 14
1896 1897 16
1897 1898 20
1898 1899 13
1899 1900 9
1900 1901 3
1901 1902 9
1902 1903 8
1903 1904 13
1904 1905 4
1905 1906 10
1906 1907 2
1907 1908 1
1908 1909 6
1909 1910 20
1910 1911 5
1911 1912 11
1912 1913 13
1913 1914 8
1914 1915 20
1915 1916 9
1916 1917 6
1917 1918 5
1918 1919 19
1919 1920 10
1920 1921 5
1921 1922 5
1922 1923 9
1923 1924 8
1924 1925 15
1925 1926 3
1926 1927 8
1927 1928 16
1928 1929 13
1929 1930 17
1930 1931 11
1931 1932 12
1932 1933 17
1933 1934 3
1934 1935 9
1935 1936 16
1936 1937 4
1937 1938 19
1938 1939 12
1939 1940 5
1940 1941 6
1941 1942 9
1942 1943 20
1943 1944 1
1944 1945 4
1945 1946 11
1946 1947 13
1947 1948 4
1948 1949 7
1949 1950 13
1950 1951 16
1951 1952 10
1952 1953 16
1953 1954 20
1954 1955 13
1955 1956 20
1956 1957 12
1957 1958 14
1958 1959 10
1959 1960 6
1960 1961 16
1961 1962 19
1962 1963 11
1963 1964 18
1964 1965 4
1965 1966 6
1966 1967 11
1967 1968 7
1968 1969 3
1969 1970 7
1970 1971 6
1971 1972 14
1972 1973 7
1973 1974 9
1974 1975 20
1975 1976 3
1976 1977 14
1977 1978 6
1978 1979 5
1979 1980 18
1980 1981 12
1981 1982 20
1982 1983 11
1983 1984 14
1984 1985 12
1985 1986 3
1986 1987 20
1987 1988 10
1988 1989 16
1989 1990 10
1990 1991 15
1991 1992 14
1992 1993 12
1993 1994 8
1994 1995 17
1995 1996 3
1996 1997 14
1997 1998 19
1998 1999 1
1999 2000 13
2000 T 19
