1000000000
15
2 2 2 2 2 2 2 2 2 2 2 2 2 2 2
30
1 1
2 1
3 2
4 2
5 3
6 3
7 4
8 4
9 5
10 5
11 6
12 6
13 7
14 7
15 8
16 8
17 9
18 9
19 10
20 10
21 11
22 11
23 12
24 12
25 13
26 13
27 14
28 14
29 15
30 15
138
S 1 5
1 2 14
2 3 18
3 4 16
4 5 10
5 6 11
6 7 14
7 8 6
8 9 5
9 10 16
10 11 6
11 12 8
12 13 10
13 14 3
14 15 7
15 16 19
16 17 5
17 18 19
18 19 2
19 20 12
20 21 7
21 22 12
22 23 4
23 24 2
24 25 2
25 26 16
26 27 13
27 28 15
28 29 19
29 30 9
30 T 6
S 16 9
S 18 1
S 21 2
1 4 5
1 9 6
1 11 12
1 17 20
1 21 15
1 27 11
2 8 1
2 10 15
2 22 8
2 29 7
2 T 1
3 11 13
3 23 15
4 19 1
4 23 15
5 2 16
5 8 19
5 22 19
6 14 10
6 17 16
6 18 15
6 19 15
6 28 4
6 29 11
7 4 9
7 9 20
7 10 14
7 19 19
7 21 6
8 5 16
8 6 10
8 21 10
8 28 15
9 2 13
9 19 13
9 23 2
9 28 2
9 30 10
10 7 17
10 16 2
10 22 2
11 4 8
11 13 2
11 20 10
12 17 6
13 28 11
14 4 7
14 11 13
14 30 20
15 6 10
15 12 7
15 21 16
15 22 2
15 25 19
15 28 4
16 5 8
16 9 13
16 13 4
16 14 4
17 4 1
17 8 3
17 9 6
17 21 19
17 29 19
18 1 16
18 15 17
18 17 11
18 19 4
18 30 14
19 23 4
19 24 20
20 4 8
20 5 7
20 7 9
20 8 15
20 17 19
20 T 9
21 24 6
22 1 18
22 7 10
22 12 8
22 21 3
22 30 16
23 24 7
24 3 16
24 14 14
24 15 4
24 28 7
24 30 15
25 2 11
25 10 16
25 11 11
25 14 10
25 21 10
25 27 12
27 23 6
27 28 16
28 13 18
28 16 10
29 11 4
29 19 10
30 6 4
30 16 11
30 21 12
