1000000000
50
5 4 5 4 4 4 4 5 5 5 4 5 4 4 5 4 4 4 5 4 4 4 5 5 5 4 4 5 4 5 4 5 5 4 5 4 4 4 5 4 5 5 4 5 4 4 4 4 5 4
221
1 1
2 1
3 1
4 1
5 1
6 2
7 2
8 2
9 2
10 3
11 3
12 3
13 3
14 3
15 4
16 4
17 4
18 4
19 5
20 5
21 5
22 5
23 6
24 6
25 6
26 6
27 7
28 7
29 7
30 7
31 8
32 8
33 8
34 8
35 8
36 9
37 9
38 9
39 9
40 9
41 10
42 10
43 10
44 10
45 10
46 11
47 11
48 11
49 11
50 12
51 12
52 12
53 12
54 12
55 13
56 13
57 13
58 13
59 14
60 14
61 14
62 14
63 15
64 15
65 15
66 15
67 15
68 16
69 16
70 16
71 16
72 17
73 17
74 17
75 17
76 18
77 18
78 18
79 18
80 19
81 19
82 19
83 19
84 19
85 20
86 20
87 20
88 20
89 21
90 21
91 21
92 21
93 22
94 22
95 22
96 22
97 23
98 23
99 23
100 23
101 23
102 24
103 24
104 24
105 24
106 24
107 25
108 25
109 25
110 25
111 25
112 26
113 26
114 26
115 26
116 27
117 27
118 27
119 27
120 28
121 28
122 28
123 28
124 28
125 29
126 29
127 29
128 29
129 30
130 30
131 30
132 30
133 30
134 31
135 31
136 31
137 31
138 32
139 32
140 32
141 32
142 32
143 33
144 33
145 33
146 33
147 33
148 34
149 34
150 34
151 34
152 35
153 35
154 35
155 35
156 35
157 36
158 36
159 36
160 36
161 37
162 37
163 37
164 37
165 38
166 38
167 38
168 38
169 39
170 39
171 39
172 39
173 39
174 40
175 40
176 40
177 40
178 41
179 41
180 41
181 41
182 41
183 42
184 42
185 42
186 42
187 42
188 43
189 43
190 43
191 43
192 44
193 44
194 44
195 44
196 44
197 45
198 45
199 45
200 45
201 46
202 46
203 46
204 46
205 47
206 47
207 47
208 47
209 48
210 48
211 48
212 48
213 49
214 49
215 49
216 49
217 49
218 50
219 50
220 50
221 50
109
S 77 9
6 44 2
10 218 6
11 60 16
15 147 18
16 179 19
17 21 15
22 165 11
25 126 4
27 99 3
30 48 3
32 186 7
34 99 18
35 198 3
40 199 4
41 220 16
44 67 11
47 6 7
47 49 11
48 153 13
50 16 7
57 24 14
57 78 20
58 136 16
62 20 20
62 125 17
64 195 13
69 4 18
70 48 10
71 195 17
75 187 18
77 84 4
79 134 8
81 12 8
82 152 3
84 213 5
85 40 7
88 31 8
90 85 15
97 8 5
98 204 8
101 22 3
101 195 7
103 183 2
104 117 7
104 191 17
105 75 17
105 199 4
105 216 10
109 125 20
110 208 15
115 47 17
117 49 13
119 78 6
119 130 15
120 81 20
120 182 11
121 213 1
123 95 5
124 48 6
124 156 17
127 161 3
128 84 8
130 211 9
131 69 14
131 118 14
134 175 5
136 104 11
136 165 11
137 106 8
139 157 9
142 2 9
143 40 3
146 69 16
147 29 12
148 193 15
149 156 10
149 210 2
155 22 20
156 27 11
158 37 9
158 212 5
165 82 15
166 18 8
170 121 4
173 28 6
175 35 2
178 185 19
183 205 6
186 142 12
196 192 16
197 34 13
197 167 14
198 36 12
198 211 5
205 161 13
207 162 2
207 187 20
209 213 10
210 127 13
213 30 7
215 76 11
218 56 5
218 126 8
218 209 5
219 200 12
220 197 4
221 84 18
221 160 19
