1000000000
50
1 6 4 4 6 6 1 3 3 4 1 4 5 4 4 5 6 6 2 1 6 3 6 4 3 6 5 4 2 6 5 1 6 6 1 3 2 2 2 5 3 4 5 4 1 3 6 4 4 2
190
1 1
2 2
3 2
4 2
5 2
6 2
7 2
8 3
9 3
10 3
11 3
12 4
13 4
14 4
15 4
16 5
17 5
18 5
19 5
20 5
21 5
22 6
23 6
24 6
25 6
26 6
27 6
28 7
29 8
30 8
31 8
32 9
33 9
34 9
35 10
36 10
37 10
38 10
39 11
40 12
41 12
42 12
43 12
44 13
45 13
46 13
47 13
48 13
49 14
50 14
51 14
52 14
53 15
54 15
55 15
56 15
57 16
58 16
59 16
60 16
61 16
62 17
63 17
64 17
65 17
66 17
67 17
68 18
69 18
70 18
71 18
72 18
73 18
74 19
75 19
76 20
77 21
78 21
79 21
80 21
81 21
82 21
83 22
84 22
85 22
86 23
87 23
88 23
89 23
90 23
91 23
92 24
93 24
94 24
95 24
96 25
97 25
98 25
99 26
100 26
101 26
102 26
103 26
104 26
105 27
106 27
107 27
108 27
109 27
110 28
111 28
112 28
113 28
114 29
115 29
116 30
117 30
118 30
119 30
120 30
121 30
122 31
123 31
124 31
125 31
126 31
127 32
128 33
129 33
130 33
131 33
132 33
133 33
134 34
135 34
136 34
137 34
138 34
139 34
140 35
141 36
142 36
143 36
144 37
145 37
146 38
147 38
148 39
149 39
150 40
151 40
152 40
153 40
154 40
155 41
156 41
157 41
158 42
159 42
160 42
161 42
162 43
163 43
164 43
165 43
166 43
167 44
168 44
169 44
170 44
171 45
172 46
173 46
174 46
175 47
176 47
177 47
178 47
179 47
180 47
181 48
182 48
183 48
184 48
185 49
186 49
187 49
188 49
189 50
190 50
7566
S 1 9
1 2 10
2 3 2
3 4 11
4 5 4
5 6 11
6 7 14
7 8 12
8 9 8
9 10 11
10 11 6
11 12 19
12 13 8
13 14 19
14 15 16
15 16 19
16 17 14
17 18 18
18 19 9
19 20 19
20 21 10
21 22 16
22 23 13
23 24 2
24 25 10
25 26 5
26 27 20
27 28 9
28 29 14
29 30 13
30 31 6
31 32 7
32 33 12
33 34 6
34 35 3
35 36 6
36 37 17
37 38 11
38 39 7
39 40 14
40 41 2
41 42 2
42 43 6
43 44 1
44 45 10
45 46 3
46 47 5
47 48 16
48 49 16
49 50 7
50 51 8
51 52 13
52 53 20
53 54 10
54 55 20
55 56 5
56 57 9
57 58 8
58 59 16
59 60 11
60 61 3
61 62 20
62 63 12
63 64 20
64 65 14
65 66 11
66 67 19
67 68 8
68 69 4
69 70 2
70 71 13
71 72 2
72 73 3
73 74 13
74 75 3
75 76 10
76 77 19
77 78 6
78 79 11
79 80 11
80 81 12
81 82 5
82 83 15
83 84 16
84 85 13
85 86 3
86 87 17
87 88 6
88 89 18
89 90 11
90 91 19
91 92 4
92 93 18
93 94 16
94 95 2
95 96 2
96 97 20
97 98 20
98 99 14
99 100 14
100 101 12
101 102 17
102 103 4
103 104 9
104 105 18
105 106 4
106 107 1
107 108 10
108 109 18
109 110 3
110 111 14
111 112 12
112 113 14
113 114 10
114 115 18
115 116 18
116 117 12
117 118 11
118 119 6
119 120 5
120 121 19
121 122 15
122 123 6
123 124 2
124 125 4
125 126 20
126 127 5
127 128 11
128 129 13
129 130 5
130 131 18
131 132 12
132 133 19
133 134 18
134 135 7
135 136 7
136 137 17
137 138 2
138 139 3
139 140 17
140 141 1
141 142 19
142 143 8
143 144 20
144 145 14
145 146 8
146 147 15
147 148 10
148 149 3
149 150 8
150 151 15
151 152 14
152 153 8
153 154 8
154 155 7
155 156 3
156 157 16
157 158 17
158 159 12
159 160 10
160 161 1
161 162 10
162 163 11
163 164 13
164 165 20
165 166 8
166 167 12
167 168 1
168 169 10
169 170 4
170 171 20
171 172 6
172 173 19
173 174 16
174 175 11
175 176 5
176 177 11
177 178 15
178 179 12
179 180 6
180 181 4
181 182 12
182 183 18
183 184 12
184 185 7
185 186 10
186 187 7
187 188 6
188 189 11
189 190 15
190 T 7
S 3 15
S 11 2
S 20 2
S 22 10
S 23 3
S 30 19
S 32 12
S 54 16
S 56 6
S 57 3
S 59 19
S 61 7
S 63 14
S 65 11
S 66 17
S 71 7
S 76 5
S 77 12
S 90 3
S 91 13
S 102 15
S 104 15
S 108 19
S 109 3
S 112 1
S 114 11
S 116 5
S 122 2
S 139 2
S 142 10
S 145 2
S 146 1
S 148 15
S 151 5
S 154 20
S 158 7
S 165 14
S 167 18
S 173 16
S 185 3
1 2 5
1 4 15
1 9 3
1 11 1
1 13 19
1 24 16
1 32 5
1 38 17
1 41 8
1 43 12
1 44 13
1 55 1
1 58 13
1 59 6
1 68 15
1 69 17
1 77 8
1 79 2
1 81 13
1 82 7
1 84 20
1 89 4
1 91 12
1 96 2
1 102 1
1 103 5
1 109 14
1 110 17
1 120 19
1 135 3
1 139 7
1 143 11
1 144 1
1 148 17
1 149 11
1 150 18
1 151 14
1 157 18
1 158 10
1 166 6
1 173 1
1 175 8
1 176 12
1 182 16
2 5 17
2 8 8
2 9 12
2 12 4
2 13 20
2 21 15
2 28 10
2 30 12
2 35 18
2 42 10
2 53 5
2 54 12
2 56 14
2 57 3
2 62 10
2 63 8
2 64 14
2 65 13
2 74 5
2 76 1
2 78 11
2 80 18
2 86 7
2 88 5
2 89 10
2 91 5
2 101 10
2 111 8
2 114 7
2 118 12
2 124 8
2 125 8
2 127 11
2 141 12
2 146 16
2 147 9
2 148 1
2 156 14
2 158 5
2 164 19
2 165 2
2 169 6
2 171 10
2 173 8
2 174 12
2 177 13
2 187 10
3 4 6
3 5 13
3 10 6
3 12 11
3 14 1
3 18 18
3 19 2
3 24 12
3 27 1
3 35 19
3 42 6
3 44 6
3 59 11
3 60 3
3 63 12
3 85 19
3 92 11
3 93 18
3 103 2
3 109 3
3 110 13
3 119 19
3 125 9
3 132 14
3 135 2
3 137 11
3 141 9
3 150 6
3 154 19
3 161 5
3 163 8
3 166 10
3 174 2
3 190 13
4 9 14
4 13 6
4 22 4
4 31 11
4 39 9
4 52 5
4 56 4
4 67 6
4 69 9
4 73 16
4 74 7
4 75 15
4 85 11
4 93 19
4 97 17
4 103 5
4 110 7
4 117 5
4 124 15
4 128 18
4 129 15
4 134 5
4 140 8
4 142 16
4 147 4
4 152 7
4 154 14
4 157 6
4 159 14
4 161 10
4 164 11
4 170 2
4 177 7
4 180 7
4 190 6
4 T 14
5 13 8
5 15 14
5 19 10
5 21 2
5 22 16
5 39 15
5 45 4
5 52 2
5 55 19
5 56 17
5 60 18
5 64 20
5 67 1
5 68 2
5 70 12
5 73 9
5 79 8
5 95 16
5 100 13
5 103 16
5 113 15
5 115 15
5 118 18
5 123 20
5 127 9
5 135 12
5 137 3
5 153 12
5 156 18
5 164 19
5 170 16
5 179 9
5 180 7
5 184 19
5 188 7
5 190 2
6 3 16
6 5 4
6 7 20
6 12 14
6 21 20
6 24 1
6 25 8
6 29 4
6 33 10
6 37 3
6 38 19
6 40 3
6 41 2
6 44 19
6 48 11
6 53 7
6 60 8
6 63 19
6 70 10
6 82 14
6 103 9
6 107 20
6 109 19
6 113 10
6 131 10
6 132 6
6 143 13
6 146 14
6 150 8
6 154 11
6 157 20
6 158 17
6 166 2
6 168 18
6 176 19
6 182 14
6 184 6
6 185 6
6 189 16
7 1 1
7 2 11
7 10 12
7 11 12
7 12 19
7 17 17
7 24 6
7 27 2
7 28 7
7 29 19
7 32 2
7 35 14
7 38 20
7 40 6
7 43 12
7 44 17
7 45 3
7 52 16
7 59 19
7 60 9
7 61 4
7 63 10
7 73 5
7 79 20
7 84 20
7 85 9
7 92 9
7 95 16
7 99 14
7 100 3
7 112 18
7 136 15
7 138 19
7 141 2
7 144 14
7 148 17
7 150 3
7 153 16
7 157 8
7 162 9
7 165 18
7 166 6
7 172 10
7 173 19
7 176 2
7 178 1
7 182 2
7 184 9
8 3 18
8 17 15
8 18 12
8 19 3
8 27 15
8 32 5
8 35 15
8 36 9
8 38 13
8 53 17
8 57 4
8 59 15
8 69 1
8 75 10
8 82 14
8 86 17
8 87 5
8 90 9
8 101 5
8 102 6
8 106 2
8 110 6
8 111 1
8 115 4
8 118 18
8 125 20
8 127 18
8 130 2
8 131 17
8 133 9
8 138 4
8 152 10
8 153 10
8 155 15
8 167 15
8 171 10
8 179 4
8 180 12
8 182 5
8 183 7
8 185 10
8 186 19
8 188 17
8 190 2
9 2 20
9 4 16
9 5 10
9 7 3
9 13 16
9 14 14
9 16 9
9 17 9
9 20 16
9 26 4
9 29 6
9 31 16
9 34 18
9 41 16
9 45 7
9 46 8
9 63 5
9 66 3
9 69 9
9 74 9
9 76 19
9 82 16
9 87 20
9 98 13
9 99 16
9 103 16
9 125 11
9 126 9
9 134 8
9 138 16
9 139 14
9 158 15
9 160 11
9 162 7
9 170 18
9 177 4
9 182 12
9 183 20
9 187 13
9 188 16
10 9 13
10 12 15
10 13 14
10 17 2
10 23 5
10 28 17
10 29 9
10 36 7
10 42 2
10 52 17
10 53 1
10 54 16
10 58 11
10 61 4
10 64 15
10 75 8
10 82 2
10 87 9
10 93 16
10 96 7
10 118 11
10 120 15
10 124 17
10 126 1
10 128 1
10 153 3
10 154 4
10 155 9
10 160 16
10 175 3
10 179 19
10 182 12
10 183 15
10 186 4
10 188 4
11 4 8
11 5 9
11 6 10
11 17 3
11 22 11
11 24 3
11 39 7
11 40 2
11 43 14
11 58 10
11 59 12
11 61 7
11 64 20
11 68 8
11 71 15
11 75 17
11 77 19
11 80 18
11 82 13
11 87 3
11 88 7
11 91 16
11 92 1
11 99 11
11 100 11
11 101 14
11 105 8
11 111 12
11 117 15
11 125 10
11 128 2
11 131 17
11 138 1
11 139 8
11 140 2
11 144 15
11 149 2
11 154 6
11 160 14
11 163 1
11 169 1
11 171 15
11 179 20
11 184 10
11 188 5
12 9 18
12 21 18
12 25 3
12 29 8
12 35 7
12 36 2
12 43 14
12 46 2
12 50 16
12 63 18
12 72 11
12 85 10
12 89 15
12 108 10
12 110 17
12 111 16
12 118 10
12 120 3
12 126 5
12 129 13
12 130 5
12 139 4
12 147 7
12 148 18
12 151 15
12 152 12
12 161 6
12 169 7
12 173 18
12 177 7
12 182 19
12 183 17
12 184 12
12 190 15
12 T 2
13 1 10
13 7 19
13 17 7
13 22 3
13 33 8
13 41 11
13 46 18
13 50 10
13 52 6
13 57 6
13 58 5
13 59 5
13 63 5
13 75 6
13 90 5
13 94 4
13 102 4
13 120 8
13 125 10
13 134 14
13 146 15
13 147 5
13 149 20
13 150 13
13 157 11
13 163 7
13 176 19
13 177 10
13 179 8
14 1 3
14 6 1
14 7 5
14 15 3
14 23 13
14 24 5
14 27 10
14 34 7
14 36 7
14 37 14
14 40 17
14 55 3
14 57 6
14 62 4
14 73 11
14 77 15
14 82 9
14 85 19
14 86 7
14 92 17
14 95 15
14 96 16
14 101 11
14 102 13
14 117 18
14 118 4
14 121 19
14 125 12
14 130 4
14 132 14
14 133 2
14 134 2
14 137 2
14 142 1
14 144 8
14 146 8
14 147 8
14 149 11
14 150 14
14 154 3
14 155 16
14 161 17
14 162 12
14 168 13
14 173 7
14 176 15
14 188 13
15 2 3
15 4 4
15 11 16
15 21 8
15 23 16
15 25 16
15 26 7
15 29 14
15 30 3
15 34 4
15 38 19
15 41 5
15 46 6
15 49 19
15 50 4
15 58 3
15 61 18
15 71 15
15 74 15
15 82 1
15 83 19
15 85 14
15 94 11
15 100 13
15 106 19
15 107 2
15 116 7
15 124 5
15 126 11
15 131 15
15 136 4
15 140 20
15 145 4
15 147 10
15 152 16
15 154 3
15 159 12
15 160 3
15 167 11
15 169 17
15 171 9
15 180 10
15 183 9
15 184 13
15 188 2
16 1 17
16 2 5
16 3 15
16 8 15
16 17 7
16 22 7
16 31 8
16 33 16
16 39 2
16 41 2
16 54 10
16 56 1
16 63 17
16 64 9
16 72 16
16 75 14
16 84 7
16 85 5
16 88 17
16 95 6
16 98 20
16 107 11
16 122 13
16 125 8
16 127 5
16 145 15
16 149 3
16 152 19
16 158 6
16 162 13
16 166 8
16 168 14
16 177 11
16 181 10
16 182 6
16 184 15
16 T 20
17 1 1
17 3 8
17 7 14
17 8 14
17 14 3
17 15 1
17 16 5
17 20 4
17 33 1
17 36 13
17 42 5
17 43 18
17 51 7
17 52 19
17 67 13
17 68 7
17 69 6
17 71 14
17 75 2
17 82 4
17 84 1
17 88 4
17 93 13
17 95 17
17 98 20
17 102 14
17 117 4
17 130 9
17 136 17
17 145 7
17 151 6
17 153 12
17 154 15
17 158 19
17 170 14
17 183 18
17 186 3
17 T 14
18 2 16
18 7 12
18 11 3
18 16 3
18 23 12
18 24 4
18 33 5
18 40 14
18 46 11
18 48 10
18 58 10
18 63 1
18 65 13
18 68 1
18 74 6
18 77 8
18 88 2
18 93 13
18 95 13
18 101 8
18 104 13
18 106 7
18 107 8
18 111 19
18 114 16
18 115 5
18 122 17
18 131 5
18 136 6
18 137 4
18 141 17
18 148 9
18 151 8
18 162 18
18 163 17
18 179 9
18 180 17
18 183 19
19 7 16
19 17 5
19 24 3
19 28 1
19 29 15
19 42 14
19 46 15
19 47 13
19 60 3
19 70 4
19 77 13
19 84 20
19 88 16
19 91 16
19 95 9
19 96 18
19 100 2
19 109 12
19 112 16
19 114 18
19 118 3
19 131 11
19 136 15
19 141 16
19 142 13
19 163 12
19 164 14
19 172 8
19 174 5
19 176 15
19 182 8
19 188 15
20 2 10
20 3 7
20 6 1
20 9 13
20 13 8
20 22 6
20 24 5
20 26 8
20 33 13
20 35 11
20 37 13
20 38 17
20 40 19
20 42 20
20 43 9
20 44 10
20 46 15
20 53 12
20 58 14
20 59 7
20 60 5
20 63 1
20 64 14
20 68 12
20 75 8
20 79 18
20 87 10
20 98 7
20 99 13
20 107 12
20 113 8
20 120 10
20 125 18
20 134 4
20 135 18
20 147 20
20 150 4
20 152 6
20 153 12
20 155 8
20 157 3
20 159 18
20 183 12
20 T 2
21 2 11
21 8 6
21 11 9
21 16 8
21 25 10
21 37 19
21 41 16
21 47 11
21 58 14
21 62 19
21 71 1
21 77 7
21 78 5
21 84 10
21 86 2
21 96 5
21 101 20
21 104 11
21 108 10
21 109 8
21 114 5
21 119 12
21 126 11
21 145 13
21 147 20
21 149 11
21 156 14
21 162 6
21 168 4
21 171 16
21 172 18
21 174 3
21 180 3
21 189 9
22 10 15
22 12 7
22 14 11
22 24 9
22 25 18
22 30 2
22 31 12
22 33 17
22 43 20
22 47 17
22 48 4
22 54 3
22 55 2
22 57 15
22 59 10
22 63 16
22 66 12
22 68 17
22 73 16
22 102 7
22 110 19
22 124 18
22 132 13
22 134 9
22 139 11
22 140 1
22 149 14
22 153 17
22 157 2
22 168 8
22 169 14
22 171 5
22 176 13
22 179 4
22 180 6
23 1 11
23 11 1
23 12 19
23 14 13
23 16 7
23 22 17
23 26 8
23 32 12
23 38 3
23 43 9
23 56 17
23 62 10
23 68 12
23 70 6
23 75 4
23 78 3
23 80 10
23 81 2
23 83 14
23 92 17
23 102 3
23 104 9
23 111 11
23 124 20
23 125 17
23 126 16
23 128 14
23 142 4
23 148 1
23 151 16
23 156 16
23 158 12
23 160 9
23 169 8
23 170 6
23 171 5
23 172 11
23 175 17
23 181 5
23 182 10
23 184 10
23 188 3
24 6 7
24 10 18
24 12 1
24 14 14
24 15 18
24 17 3
24 21 15
24 23 5
24 26 18
24 31 20
24 33 7
24 36 13
24 39 10
24 46 15
24 55 8
24 59 14
24 62 7
24 79 15
24 83 17
24 87 6
24 91 5
24 92 1
24 96 15
24 104 19
24 111 17
24 121 7
24 122 4
24 125 2
24 137 2
24 139 16
24 140 8
24 158 8
24 160 19
24 162 14
24 167 20
24 170 14
24 178 1
24 186 3
25 1 10
25 2 7
25 13 9
25 14 11
25 23 16
25 32 19
25 33 6
25 40 19
25 41 7
25 48 6
25 57 19
25 60 12
25 62 15
25 67 4
25 68 9
25 70 5
25 71 6
25 73 20
25 74 13
25 80 9
25 82 9
25 88 2
25 91 2
25 103 17
25 105 11
25 115 3
25 123 14
25 136 12
25 141 12
25 155 9
25 167 4
25 168 17
25 169 14
25 176 20
25 188 14
25 189 11
26 4 10
26 20 13
26 23 13
26 40 15
26 42 16
26 51 20
26 52 14
26 59 13
26 61 17
26 62 1
26 63 7
26 68 12
26 72 4
26 76 6
26 77 2
26 80 14
26 81 2
26 85 15
26 95 16
26 97 6
26 100 18
26 105 11
26 107 14
26 132 4
26 133 6
26 137 1
26 138 18
26 147 11
26 148 20
26 149 18
26 167 1
26 172 2
26 176 9
26 179 12
26 180 7
26 189 2
26 190 4
27 11 2
27 17 9
27 18 5
27 19 13
27 21 13
27 24 14
27 29 8
27 33 6
27 37 16
27 42 12
27 45 17
27 47 2
27 55 20
27 60 2
27 65 12
27 68 19
27 74 1
27 75 13
27 78 18
27 80 12
27 85 16
27 88 4
27 89 6
27 93 5
27 96 15
27 97 15
27 99 3
27 100 4
27 102 14
27 116 15
27 118 5
27 151 17
27 160 1
27 164 14
27 167 10
27 174 15
27 185 19
27 187 9
27 189 5
28 2 9
28 3 11
28 21 4
28 45 14
28 54 20
28 59 17
28 66 12
28 71 4
28 72 11
28 76 9
28 82 20
28 84 13
28 88 16
28 89 16
28 93 14
28 94 3
28 97 9
28 109 7
28 115 10
28 116 4
28 117 7
28 121 3
28 122 2
28 125 18
28 132 13
28 140 19
28 142 14
28 148 7
28 149 6
28 152 10
28 153 3
28 154 3
28 159 13
28 161 8
28 164 6
28 167 20
28 169 6
28 175 3
28 181 13
28 186 15
28 T 10
29 2 7
29 9 11
29 11 2
29 16 14
29 17 17
29 19 5
29 28 15
29 30 6
29 33 3
29 39 10
29 45 5
29 56 17
29 58 20
29 67 6
29 73 17
29 76 18
29 77 17
29 82 18
29 83 15
29 86 8
29 95 8
29 102 1
29 104 13
29 124 10
29 125 7
29 126 3
29 128 7
29 135 3
29 141 7
29 156 19
29 157 7
29 162 1
29 168 17
29 182 20
29 184 16
30 2 4
30 8 4
30 10 4
30 12 16
30 15 18
30 16 15
30 17 11
30 18 3
30 22 9
30 23 12
30 27 9
30 31 13
30 42 5
30 43 3
30 47 9
30 49 9
30 58 4
30 59 1
30 61 6
30 65 16
30 68 10
30 70 17
30 71 20
30 83 19
30 85 10
30 90 9
30 93 7
30 95 1
30 100 5
30 101 4
30 102 6
30 114 5
30 121 15
30 128 10
30 137 14
30 141 8
30 145 20
30 147 10
30 150 1
30 152 19
30 154 18
30 155 14
30 156 14
30 170 1
30 185 9
30 187 1
31 2 4
31 3 4
31 4 6
31 26 5
31 27 6
31 40 20
31 46 10
31 49 7
31 55 4
31 72 4
31 79 8
31 81 4
31 82 14
31 86 12
31 90 3
31 97 16
31 110 8
31 112 4
31 113 15
31 117 8
31 119 1
31 123 3
31 130 20
31 131 12
31 134 16
31 139 2
31 143 16
31 158 8
31 159 16
31 162 5
31 168 7
31 169 20
31 171 11
31 174 4
31 178 11
32 10 17
32 15 15
32 17 11
32 19 7
32 22 18
32 23 15
32 25 9
32 33 18
32 38 7
32 41 13
32 42 7
32 48 15
32 52 18
32 59 19
32 63 19
32 65 15
32 69 18
32 72 12
32 87 8
32 90 7
32 91 18
32 95 12
32 96 8
32 97 16
32 103 12
32 105 2
32 107 18
32 111 17
32 112 14
32 119 10
32 121 10
32 123 3
32 126 9
32 127 10
32 147 14
32 150 8
32 154 9
32 176 11
32 184 2
32 186 15
33 18 12
33 29 5
33 32 1
33 35 9
33 52 18
33 60 15
33 61 6
33 63 15
33 64 12
33 68 14
33 75 14
33 77 6
33 87 15
33 88 11
33 113 9
33 129 3
33 131 7
33 136 20
33 150 7
33 152 12
33 154 1
33 157 20
33 158 3
33 160 14
33 164 18
33 166 7
33 174 14
33 176 16
33 177 16
33 179 18
33 181 11
33 183 2
33 184 5
33 189 2
34 4 14
34 6 7
34 13 20
34 17 17
34 21 13
34 40 9
34 47 16
34 67 14
34 72 3
34 78 14
34 94 20
34 95 5
34 98 3
34 109 20
34 116 19
34 117 10
34 118 8
34 125 18
34 126 2
34 134 20
34 142 11
34 156 8
34 157 17
34 161 16
34 163 6
34 169 18
34 178 10
34 180 5
34 185 10
35 14 3
35 17 9
35 23 11
35 26 10
35 30 3
35 32 15
35 33 2
35 34 9
35 37 14
35 39 15
35 44 10
35 45 7
35 48 15
35 49 20
35 53 19
35 54 11
35 61 2
35 62 2
35 68 16
35 71 17
35 72 20
35 77 20
35 82 18
35 83 3
35 86 15
35 87 7
35 90 3
35 94 12
35 97 10
35 100 9
35 106 18
35 110 4
35 134 11
35 140 6
35 141 17
35 145 5
35 162 1
35 163 20
35 165 8
35 171 2
35 172 17
35 174 14
35 175 17
35 180 8
35 187 18
36 3 5
36 7 2
36 24 5
36 25 20
36 28 19
36 39 18
36 43 5
36 44 12
36 45 19
36 61 12
36 63 18
36 64 2
36 68 14
36 69 12
36 74 17
36 75 20
36 77 19
36 78 4
36 79 15
36 80 3
36 84 7
36 91 16
36 92 20
36 96 6
36 105 17
36 116 15
36 120 11
36 125 19
36 129 19
36 139 8
36 142 18
36 143 7
36 150 15
36 151 11
36 152 4
36 166 6
36 169 15
36 174 4
36 178 3
36 185 20
36 188 1
36 189 20
36 190 8
37 5 19
37 8 17
37 13 9
37 16 12
37 19 17
37 24 13
37 28 7
37 35 7
37 38 3
37 39 14
37 61 6
37 62 12
37 63 5
37 68 7
37 70 8
37 72 9
37 73 2
37 78 7
37 83 2
37 86 5
37 96 4
37 97 3
37 100 17
37 110 16
37 112 9
37 113 18
37 125 8
37 129 2
37 137 7
37 165 4
37 168 5
37 169 13
37 181 5
37 182 16
37 184 12
37 186 2
37 190 8
38 4 13
38 23 1
38 30 12
38 34 20
38 35 17
38 42 20
38 44 6
38 46 10
38 47 5
38 54 12
38 60 2
38 62 13
38 75 9
38 78 12
38 79 16
38 82 14
38 93 6
38 95 9
38 103 7
38 109 4
38 130 14
38 131 16
38 136 7
38 139 16
38 144 11
38 158 17
38 160 10
38 165 17
38 168 13
38 174 5
38 177 18
38 180 10
38 182 9
38 184 16
38 189 8
38 T 20
39 7 19
39 8 16
39 13 5
39 18 10
39 32 3
39 36 20
39 38 7
39 40 5
39 42 4
39 43 3
39 46 1
39 50 14
39 64 19
39 66 16
39 71 19
39 73 9
39 93 11
39 94 17
39 96 10
39 97 13
39 101 7
39 103 20
39 108 1
39 109 9
39 125 7
39 126 19
39 133 15
39 137 12
39 142 16
39 143 10
39 145 9
39 147 11
39 151 19
39 166 1
39 167 15
39 169 17
39 172 15
39 185 1
39 186 14
39 187 14
40 4 20
40 5 17
40 11 7
40 15 20
40 23 19
40 33 15
40 36 11
40 56 2
40 61 3
40 84 1
40 92 8
40 107 19
40 111 13
40 114 18
40 116 18
40 118 7
40 131 20
40 132 3
40 138 19
40 140 1
40 146 2
40 167 3
40 173 10
40 174 17
40 175 18
40 179 3
40 181 3
40 183 11
40 188 12
41 3 9
41 17 8
41 19 8
41 21 1
41 29 16
41 40 15
41 43 14
41 44 15
41 46 9
41 49 1
41 67 17
41 68 1
41 70 18
41 71 1
41 72 16
41 74 2
41 79 9
41 91 10
41 102 6
41 104 10
41 108 9
41 111 2
41 119 17
41 120 15
41 139 9
41 142 5
41 149 1
41 160 13
41 169 1
41 171 5
41 172 11
41 180 9
42 8 12
42 11 13
42 27 20
42 41 17
42 46 15
42 49 19
42 52 10
42 53 6
42 55 3
42 64 17
42 66 5
42 67 18
42 69 1
42 71 16
42 73 6
42 81 13
42 83 17
42 85 14
42 87 2
42 91 16
42 101 14
42 105 3
42 106 18
42 110 15
42 113 3
42 116 19
42 117 19
42 118 9
42 120 13
42 121 2
42 125 1
42 136 4
42 137 1
42 144 5
42 150 4
42 169 16
42 172 5
42 174 19
42 179 12
42 183 1
42 184 20
42 185 17
42 189 19
43 3 13
43 17 4
43 26 9
43 28 2
43 36 1
43 42 13
43 45 19
43 49 3
43 55 7
43 59 18
43 63 19
43 66 11
43 68 12
43 75 1
43 76 20
43 84 18
43 86 16
43 88 9
43 103 8
43 106 9
43 123 7
43 124 18
43 151 16
43 152 10
43 154 14
43 156 15
43 157 12
43 169 3
43 172 14
43 173 17
43 176 4
43 177 16
43 184 8
43 188 12
43 190 13
44 8 20
44 10 1
44 16 17
44 17 15
44 21 13
44 25 14
44 31 2
44 42 12
44 45 9
44 50 17
44 60 5
44 63 14
44 67 8
44 69 13
44 74 14
44 88 7
44 91 15
44 93 19
44 107 5
44 115 6
44 130 4
44 139 1
44 140 9
44 141 3
44 142 19
44 143 19
44 144 18
44 145 14
44 147 5
44 152 14
44 160 16
44 161 5
44 164 7
44 167 18
44 170 9
44 175 18
44 176 18
44 T 14
45 1 9
45 12 1
45 17 5
45 25 14
45 28 7
45 29 19
45 30 4
45 31 8
45 39 8
45 49 13
45 55 20
45 59 14
45 60 17
45 62 13
45 65 14
45 78 15
45 85 1
45 90 19
45 91 20
45 92 6
45 93 6
45 95 18
45 105 11
45 110 15
45 114 9
45 115 17
45 117 11
45 124 9
45 132 13
45 136 19
45 138 16
45 144 11
45 147 15
45 148 12
45 152 19
45 156 11
45 157 18
45 161 11
45 171 3
45 172 17
45 173 14
45 182 6
46 8 19
46 18 11
46 23 20
46 33 16
46 44 15
46 45 20
46 68 17
46 69 3
46 71 3
46 89 8
46 90 3
46 97 19
46 99 17
46 100 14
46 108 13
46 111 1
46 114 2
46 115 1
46 123 7
46 124 6
46 126 2
46 127 1
46 131 3
46 133 17
46 134 17
46 148 6
46 149 2
46 152 14
46 157 7
46 161 7
46 167 12
46 182 20
46 183 7
46 190 4
47 3 7
47 11 8
47 16 1
47 26 18
47 28 4
47 33 8
47 36 11
47 54 1
47 65 20
47 68 5
47 70 13
47 72 4
47 76 7
47 79 3
47 89 6
47 93 4
47 96 15
47 102 16
47 105 5
47 109 9
47 116 1
47 118 4
47 123 17
47 129 10
47 139 20
47 143 7
47 145 15
47 150 15
47 153 8
47 166 4
47 168 11
47 170 16
47 177 19
47 186 20
48 1 15
48 4 12
48 14 1
48 21 17
48 27 8
48 40 4
48 41 4
48 52 14
48 56 1
48 59 16
48 62 18
48 66 3
48 69 1
48 75 4
48 85 6
48 88 8
48 89 19
48 92 18
48 94 2
48 95 3
48 96 12
48 99 18
48 108 13
48 110 15
48 115 20
48 120 4
48 121 6
48 122 13
48 126 11
48 133 7
48 138 12
48 139 4
48 140 10
48 156 13
48 165 15
48 166 20
48 168 15
48 170 10
48 177 16
48 181 3
48 183 3
49 6 16
49 7 13
49 17 5
49 25 16
49 30 17
49 33 5
49 36 13
49 39 17
49 48 6
49 51 20
49 59 20
49 62 4
49 66 11
49 67 6
49 69 19
49 73 6
49 74 14
49 81 2
49 88 4
49 90 13
49 94 14
49 95 18
49 96 6
49 99 17
49 103 15
49 107 19
49 111 4
49 112 8
49 113 7
49 114 8
49 120 15
49 138 17
49 142 7
49 144 5
49 150 8
49 154 15
49 162 3
49 164 16
49 166 5
49 167 2
49 169 5
49 175 14
49 180 9
49 184 20
49 187 2
49 189 14
50 6 16
50 8 13
50 13 15
50 18 12
50 20 7
50 23 7
50 24 17
50 30 18
50 35 2
50 40 4
50 53 17
50 54 3
50 58 19
50 61 7
50 66 6
50 70 10
50 72 8
50 76 7
50 79 10
50 92 9
50 95 14
50 102 12
50 110 3
50 111 15
50 112 13
50 116 18
50 117 3
50 124 10
50 129 14
50 132 6
50 139 8
50 141 4
50 144 3
50 150 3
50 152 2
50 153 17
50 154 4
50 160 10
50 164 6
50 167 8
50 172 1
50 173 3
50 177 12
50 180 10
50 181 9
50 183 19
50 189 14
51 2 17
51 4 4
51 5 15
51 8 19
51 13 20
51 14 3
51 19 20
51 26 3
51 27 10
51 38 9
51 39 16
51 43 3
51 54 12
51 60 1
51 62 15
51 66 17
51 68 11
51 72 5
51 74 14
51 75 3
51 80 5
51 87 6
51 91 2
51 93 18
51 99 20
51 100 4
51 103 17
51 108 16
51 110 10
51 112 3
51 113 2
51 114 16
51 120 10
51 125 3
51 126 12
51 129 3
51 132 5
51 139 9
51 146 3
51 148 13
51 149 8
51 152 19
51 153 15
51 167 10
51 170 1
51 171 2
51 172 1
51 173 8
51 174 7
51 180 16
51 186 15
51 188 4
52 5 20
52 12 16
52 18 18
52 19 5
52 34 17
52 39 16
52 50 1
52 62 13
52 66 4
52 71 8
52 73 10
52 79 8
52 85 1
52 90 5
52 92 17
52 95 13
52 100 18
52 102 5
52 107 8
52 126 2
52 134 16
52 136 15
52 139 18
52 149 17
52 150 4
52 153 4
52 158 4
52 166 20
52 170 13
52 174 6
52 185 12
52 187 10
52 188 20
52 189 11
53 4 5
53 9 6
53 15 9
53 21 8
53 26 3
53 27 2
53 40 9
53 42 9
53 49 9
53 55 12
53 72 17
53 73 14
53 78 19
53 85 15
53 105 18
53 111 3
53 112 3
53 114 3
53 118 13
53 119 5
53 123 6
53 127 11
53 129 2
53 133 15
53 141 11
53 146 16
53 149 18
53 157 12
53 161 13
53 162 5
53 167 12
53 180 13
53 184 17
54 2 7
54 4 13
54 21 7
54 25 9
54 27 8
54 33 17
54 36 1
54 48 3
54 70 20
54 71 2
54 86 17
54 90 3
54 96 11
54 98 11
54 104 15
54 105 18
54 114 10
54 116 16
54 121 7
54 125 1
54 129 13
54 134 7
54 145 1
54 148 2
54 150 2
54 151 7
54 152 10
54 157 16
54 161 14
54 162 18
54 167 1
54 170 6
54 172 11
54 173 1
54 176 5
54 182 4
54 189 9
55 8 13
55 14 19
55 15 6
55 16 11
55 24 4
55 29 12
55 35 16
55 39 4
55 48 6
55 49 7
55 50 11
55 64 11
55 84 14
55 95 1
55 108 3
55 121 4
55 123 5
55 130 11
55 136 12
55 141 18
55 144 5
55 148 3
55 152 5
55 153 6
55 160 9
55 174 10
55 190 6
56 5 4
56 7 7
56 10 3
56 11 5
56 12 8
56 17 17
56 28 14
56 30 11
56 46 16
56 58 1
56 61 18
56 88 20
56 89 8
56 101 1
56 111 6
56 113 3
56 115 11
56 119 2
56 124 5
56 130 12
56 141 19
56 146 6
56 155 3
56 159 11
56 163 1
56 168 7
56 169 5
56 178 15
56 179 9
56 183 10
56 187 3
56 188 4
57 2 13
57 6 11
57 9 7
57 10 13
57 13 17
57 17 12
57 19 9
57 23 6
57 29 4
57 30 16
57 33 18
57 39 16
57 41 15
57 45 19
57 49 4
57 52 1
57 54 16
57 59 20
57 61 12
57 64 6
57 69 6
57 72 15
57 82 17
57 85 18
57 86 19
57 89 14
57 93 3
57 109 11
57 111 2
57 112 17
57 115 17
57 117 13
57 119 9
57 120 1
57 126 10
57 128 5
57 138 3
57 139 3
57 140 4
57 149 9
57 153 16
57 160 16
57 178 5
58 2 8
58 3 17
58 13 9
58 15 2
58 27 13
58 30 8
58 46 14
58 47 10
58 60 7
58 69 4
58 70 6
58 77 4
58 78 5
58 80 7
58 89 4
58 93 20
58 96 11
58 101 15
58 105 12
58 109 17
58 112 18
58 114 5
58 115 5
58 117 13
58 118 12
58 120 9
58 121 7
58 123 5
58 124 5
58 125 3
58 128 16
58 132 1
58 141 17
58 144 2
58 165 5
58 166 13
58 168 14
58 170 11
58 176 18
59 2 4
59 4 7
59 5 9
59 10 16
59 14 17
59 17 15
59 22 9
59 30 13
59 47 12
59 49 2
59 50 4
59 54 18
59 61 8
59 73 20
59 79 17
59 89 13
59 90 14
59 102 17
59 105 7
59 106 4
59 110 13
59 115 10
59 122 12
59 131 17
59 132 1
59 153 19
59 158 13
59 162 17
59 165 1
59 172 14
59 176 12
59 185 12
59 187 19
60 2 1
60 16 7
60 28 2
60 37 18
60 40 6
60 42 3
60 48 4
60 49 13
60 53 20
60 61 10
60 63 13
60 64 13
60 65 18
60 70 19
60 73 15
60 84 20
60 85 12
60 88 4
60 93 6
60 99 5
60 101 9
60 103 12
60 105 15
60 108 1
60 110 15
60 124 11
60 132 16
60 136 11
60 145 2
60 146 14
60 151 14
60 155 8
60 157 13
60 159 17
60 160 12
60 161 17
60 170 18
60 173 12
60 181 5
61 7 10
61 9 13
61 10 15
61 11 1
61 18 5
61 25 8
61 28 2
61 36 14
61 41 15
61 44 3
61 48 13
61 53 7
61 54 1
61 59 14
61 62 1
61 64 13
61 75 13
61 82 1
61 88 16
61 93 6
61 116 6
61 118 20
61 120 18
61 125 20
61 136 19
61 137 9
61 138 12
61 139 5
61 141 13
61 145 8
61 151 3
61 158 12
61 170 9
61 172 10
61 173 16
61 181 3
61 186 2
61 190 7
62 5 13
62 12 11
62 15 5
62 24 5
62 35 11
62 38 20
62 39 12
62 56 19
62 60 8
62 69 2
62 74 5
62 87 8
62 88 2
62 92 19
62 103 3
62 111 4
62 116 14
62 119 1
62 121 5
62 124 5
62 129 14
62 133 8
62 135 12
62 143 17
62 149 3
62 157 11
62 159 1
62 161 10
62 162 5
62 163 9
62 167 18
62 173 1
62 175 14
62 182 3
62 185 16
62 187 20
62 190 14
63 8 7
63 11 8
63 18 10
63 20 15
63 23 2
63 25 8
63 27 10
63 29 5
63 30 14
63 31 8
63 33 4
63 34 3
63 37 13
63 38 10
63 39 19
63 42 10
63 52 4
63 54 4
63 67 17
63 69 15
63 71 1
63 73 7
63 74 5
63 82 12
63 87 8
63 89 4
63 90 20
63 94 4
63 103 8
63 107 13
63 108 5
63 120 8
63 121 1
63 122 10
63 138 16
63 145 15
63 150 3
63 152 8
63 156 16
63 175 10
63 177 9
63 181 9
63 182 10
63 183 5
63 185 11
63 T 18
64 3 5
64 16 12
64 19 7
64 23 13
64 40 6
64 41 19
64 42 8
64 50 18
64 55 1
64 56 15
64 71 1
64 72 9
64 77 2
64 81 6
64 85 12
64 88 11
64 97 12
64 100 7
64 104 2
64 105 18
64 114 8
64 116 15
64 129 3
64 138 6
64 141 1
64 145 3
64 148 20
64 149 15
64 152 15
64 157 11
64 160 17
64 165 20
64 166 4
64 168 18
64 179 9
64 184 18
64 187 1
64 189 17
65 5 12
65 6 4
65 7 17
65 13 3
65 18 20
65 19 1
65 21 8
65 23 7
65 25 7
65 28 4
65 35 10
65 39 2
65 41 12
65 46 3
65 60 7
65 69 5
65 75 1
65 91 15
65 92 5
65 102 10
65 112 20
65 115 19
65 118 12
65 120 3
65 129 12
65 131 7
65 139 3
65 140 5
65 143 18
65 144 15
65 147 4
65 156 6
65 164 1
65 165 1
65 179 13
65 185 16
65 T 8
66 2 11
66 18 1
66 21 15
66 24 9
66 31 14
66 32 10
66 35 20
66 42 2
66 43 8
66 45 6
66 49 16
66 53 12
66 56 18
66 58 13
66 62 20
66 67 18
66 69 12
66 75 15
66 86 16
66 88 8
66 103 12
66 126 17
66 127 16
66 131 1
66 140 10
66 150 7
66 151 15
66 154 18
66 159 3
66 161 7
66 165 19
66 166 15
66 167 6
66 172 14
66 174 8
66 175 1
66 181 3
66 185 11
66 186 17
67 4 12
67 11 16
67 28 6
67 30 18
67 32 2
67 33 10
67 34 8
67 46 9
67 47 5
67 54 19
67 56 11
67 58 7
67 59 15
67 60 17
67 74 19
67 79 15
67 91 5
67 96 1
67 98 8
67 101 4
67 107 12
67 109 4
67 117 13
67 120 19
67 137 17
67 140 12
67 149 7
67 157 5
67 158 19
67 166 12
67 168 6
67 170 10
67 171 13
67 177 9
67 181 20
68 6 7
68 11 6
68 12 4
68 13 14
68 15 19
68 18 6
68 21 12
68 22 11
68 27 5
68 28 5
68 29 13
68 30 10
68 40 20
68 49 14
68 52 19
68 55 10
68 61 5
68 70 16
68 71 16
68 75 7
68 81 9
68 86 6
68 94 17
68 96 8
68 98 15
68 111 8
68 112 4
68 123 3
68 129 9
68 134 11
68 140 9
68 145 14
68 149 18
68 153 3
68 156 18
68 160 17
68 161 1
68 166 12
68 182 19
68 184 10
68 185 13
68 186 18
68 189 10
68 T 3
69 4 11
69 11 9
69 12 4
69 16 6
69 20 10
69 23 18
69 29 16
69 31 18
69 35 9
69 50 16
69 52 3
69 56 9
69 72 11
69 76 16
69 79 18
69 80 4
69 81 19
69 82 12
69 87 17
69 98 13
69 103 9
69 116 20
69 122 15
69 129 12
69 138 12
69 140 13
69 141 2
69 145 4
69 146 1
69 148 9
69 164 19
69 166 19
69 170 1
69 174 16
69 179 11
69 181 9
69 182 7
69 189 14
69 190 20
70 2 6
70 3 14
70 4 8
70 5 17
70 6 16
70 17 6
70 19 9
70 21 5
70 24 16
70 44 20
70 56 6
70 57 4
70 58 20
70 60 2
70 65 3
70 69 13
70 71 6
70 76 16
70 78 8
70 80 19
70 82 19
70 89 6
70 96 10
70 109 12
70 114 13
70 115 14
70 119 3
70 120 1
70 125 4
70 127 20
70 132 5
70 148 19
70 162 15
70 166 18
70 178 3
70 188 7
70 190 8
71 4 9
71 11 15
71 14 20
71 25 20
71 31 16
71 33 13
71 34 1
71 39 18
71 46 18
71 52 14
71 53 5
71 54 5
71 62 15
71 79 13
71 81 8
71 83 11
71 87 2
71 90 7
71 93 5
71 107 4
71 116 11
71 121 15
71 124 10
71 137 5
71 139 12
71 141 18
71 142 8
71 144 14
71 150 17
71 164 4
71 173 19
71 179 11
72 1 18
72 4 13
72 7 18
72 19 15
72 24 17
72 29 1
72 34 12
72 39 7
72 44 7
72 47 2
72 48 15
72 54 5
72 55 15
72 58 6
72 64 11
72 66 15
72 78 1
72 92 8
72 114 10
72 115 1
72 119 4
72 120 9
72 125 2
72 130 4
72 132 8
72 133 5
72 139 18
72 148 16
72 157 19
72 160 4
72 173 16
72 174 7
72 178 12
72 181 14
72 182 6
72 184 18
72 186 15
72 189 4
73 1 2
73 3 12
73 21 13
73 22 10
73 24 4
73 37 18
73 45 2
73 52 8
73 54 8
73 55 1
73 64 11
73 65 18
73 74 20
73 78 11
73 84 20
73 87 4
73 91 3
73 97 7
73 103 10
73 105 3
73 106 19
73 108 1
73 114 7
73 120 20
73 122 10
73 123 10
73 124 12
73 126 12
73 139 11
73 144 4
73 146 11
73 149 1
73 157 15
73 163 16
73 165 9
73 175 1
73 177 7
73 178 3
73 180 20
73 188 19
73 190 5
73 T 6
74 6 11
74 10 7
74 12 12
74 13 11
74 14 17
74 23 14
74 35 1
74 39 16
74 45 2
74 48 8
74 49 13
74 51 15
74 67 13
74 73 2
74 75 10
74 76 10
74 78 15
74 90 20
74 92 18
74 93 20
74 99 7
74 104 4
74 113 12
74 116 6
74 120 17
74 125 18
74 135 7
74 140 4
74 147 8
74 162 3
74 163 18
74 165 5
74 166 8
74 171 7
74 176 6
74 178 19
74 183 3
74 185 5
74 186 18
74 187 12
74 188 4
74 190 6
75 2 7
75 4 2
75 6 9
75 7 4
75 10 14
75 12 14
75 29 5
75 35 17
75 45 18
75 58 3
75 60 19
75 69 6
75 70 12
75 78 7
75 83 10
75 87 17
75 91 4
75 96 18
75 101 4
75 102 17
75 105 15
75 107 14
75 112 15
75 122 20
75 123 19
75 135 12
75 138 5
75 140 5
75 141 10
75 143 4
75 146 17
75 158 3
75 168 20
75 171 11
75 176 19
75 181 18
75 182 14
75 184 4
75 185 4
76 8 4
76 11 18
76 19 8
76 24 1
76 25 5
76 27 18
76 28 15
76 36 20
76 43 3
76 48 19
76 53 19
76 56 3
76 59 6
76 64 2
76 71 7
76 72 16
76 73 18
76 91 11
76 102 12
76 105 11
76 107 19
76 114 15
76 117 5
76 118 4
76 119 20
76 123 1
76 128 20
76 129 7
76 130 2
76 136 3
76 138 16
76 153 7
76 154 17
76 156 4
76 159 12
76 166 14
76 170 20
76 173 17
76 179 14
76 185 12
76 187 18
77 5 7
77 10 16
77 13 2
77 23 19
77 24 16
77 29 11
77 30 5
77 39 5
77 46 17
77 48 20
77 55 10
77 63 13
77 74 9
77 91 19
77 92 8
77 95 14
77 99 16
77 122 19
77 125 5
77 128 6
77 155 3
77 167 4
77 170 12
78 1 14
78 3 2
78 7 8
78 9 6
78 13 2
78 17 6
78 19 12
78 21 7
78 22 10
78 23 19
78 24 12
78 29 19
78 38 11
78 41 1
78 49 17
78 51 18
78 55 1
78 58 16
78 60 12
78 66 8
78 68 4
78 77 19
78 81 16
78 82 13
78 89 1
78 95 18
78 98 13
78 100 7
78 103 1
78 105 17
78 106 2
78 109 18
78 119 2
78 122 11
78 134 20
78 135 4
78 140 18
78 142 19
78 150 13
78 159 1
78 160 18
78 165 2
78 166 5
78 167 14
78 168 1
78 173 7
78 174 2
78 176 2
78 184 19
78 187 1
78 190 15
79 9 2
79 14 3
79 15 1
79 23 13
79 40 14
79 43 17
79 45 13
79 47 13
79 52 2
79 54 17
79 59 15
79 62 14
79 65 7
79 66 15
79 77 7
79 80 15
79 89 4
79 92 14
79 98 7
79 99 2
79 102 1
79 112 17
79 118 13
79 119 12
79 121 7
79 122 7
79 128 8
79 130 19
79 133 13
79 138 17
79 139 20
79 142 12
79 144 17
79 146 15
79 152 11
79 153 10
79 164 14
79 172 7
79 173 1
79 177 17
79 182 18
80 13 11
80 18 4
80 20 12
80 21 7
80 25 8
80 26 8
80 29 16
80 34 3
80 35 1
80 39 17
80 40 19
80 45 4
80 67 12
80 76 17
80 77 7
80 79 15
80 94 16
80 101 18
80 103 15
80 111 11
80 121 1
80 124 16
80 128 9
80 129 8
80 133 20
80 134 7
80 135 17
80 136 3
80 138 18
80 139 18
80 141 6
80 147 12
80 148 15
80 149 9
80 153 10
80 155 2
80 162 14
80 169 11
80 189 16
80 190 16
81 7 18
81 8 5
81 9 11
81 13 16
81 15 20
81 17 3
81 19 1
81 21 11
81 35 2
81 38 3
81 46 15
81 49 14
81 50 11
81 55 4
81 56 10
81 61 12
81 63 16
81 65 5
81 66 14
81 69 5
81 70 18
81 73 6
81 75 2
81 82 13
81 83 1
81 85 12
81 90 10
81 93 9
81 95 11
81 97 5
81 101 19
81 106 1
81 109 1
81 126 19
81 132 5
81 133 20
81 135 10
81 138 12
81 140 13
81 143 4
81 145 19
81 159 3
81 162 15
81 170 9
81 173 1
81 178 7
81 180 3
81 185 16
82 3 8
82 9 1
82 11 9
82 18 19
82 30 15
82 31 12
82 46 7
82 48 5
82 59 13
82 63 8
82 65 1
82 84 17
82 87 12
82 92 2
82 95 4
82 102 19
82 113 4
82 121 8
82 123 2
82 126 15
82 141 8
82 144 18
82 159 8
82 160 9
82 162 13
82 164 15
82 178 17
82 179 13
82 181 8
82 186 5
82 T 7
83 6 19
83 11 9
83 12 11
83 15 11
83 20 7
83 24 14
83 44 17
83 45 19
83 52 15
83 67 5
83 71 8
83 72 11
83 77 6
83 78 2
83 79 13
83 80 18
83 87 19
83 90 5
83 94 11
83 100 20
83 104 17
83 105 10
83 117 12
83 121 9
83 122 3
83 129 18
83 130 15
83 131 8
83 137 18
83 147 17
83 152 9
83 157 15
83 160 3
83 163 7
83 171 1
83 175 20
83 180 8
83 181 4
83 183 1
83 186 11
83 188 10
83 189 11
84 3 13
84 8 5
84 10 7
84 11 13
84 12 8
84 26 3
84 32 16
84 33 12
84 34 19
84 37 20
84 41 9
84 43 5
84 45 4
84 47 11
84 57 15
84 58 1
84 59 18
84 66 9
84 72 12
84 76 20
84 81 18
84 82 13
84 85 9
84 99 5
84 105 19
84 113 4
84 117 3
84 118 11
84 129 11
84 130 4
84 145 8
84 153 10
84 154 2
84 155 2
84 159 17
84 171 12
84 173 12
85 4 20
85 9 19
85 16 4
85 23 18
85 25 17
85 27 8
85 31 8
85 32 2
85 38 10
85 40 19
85 41 8
85 50 4
85 59 9
85 60 13
85 62 14
85 69 4
85 70 7
85 72 4
85 83 18
85 90 7
85 93 5
85 94 4
85 96 1
85 101 16
85 102 1
85 103 5
85 106 20
85 109 14
85 116 12
85 117 5
85 125 17
85 130 15
85 143 4
85 157 16
85 158 19
85 163 8
85 165 5
85 166 14
85 171 2
85 173 20
85 178 16
85 181 17
85 188 5
86 6 15
86 11 1
86 14 15
86 18 4
86 21 12
86 27 8
86 38 3
86 41 11
86 46 13
86 52 5
86 56 18
86 57 4
86 60 15
86 63 17
86 64 3
86 67 17
86 68 1
86 69 10
86 70 20
86 80 10
86 81 16
86 83 9
86 101 12
86 109 2
86 112 3
86 116 7
86 117 19
86 118 16
86 121 15
86 133 15
86 134 1
86 140 10
86 141 9
86 148 19
86 156 6
86 158 14
86 162 9
86 170 2
86 173 8
86 176 3
86 178 13
86 180 8
86 184 14
86 186 7
86 189 18
86 190 16
87 10 6
87 11 5
87 22 7
87 28 5
87 30 6
87 38 13
87 40 14
87 49 2
87 50 19
87 66 3
87 68 11
87 70 20
87 76 18
87 81 7
87 82 18
87 88 12
87 91 2
87 95 4
87 101 15
87 110 16
87 119 4
87 122 2
87 125 20
87 126 20
87 130 2
87 134 2
87 144 15
87 145 11
87 147 6
87 150 6
87 152 15
87 155 8
87 159 3
87 164 5
87 168 18
87 175 12
87 178 16
87 187 15
87 188 7
87 189 14
88 4 14
88 9 7
88 14 5
88 16 2
88 19 3
88 27 3
88 28 18
88 29 5
88 33 18
88 36 2
88 39 10
88 49 12
88 50 13
88 67 18
88 69 18
88 73 15
88 76 18
88 79 16
88 83 17
88 86 20
88 91 17
88 92 1
88 93 9
88 97 10
88 105 12
88 108 9
88 109 3
88 115 18
88 117 7
88 121 5
88 122 4
88 124 17
88 129 15
88 139 3
88 149 14
88 151 19
88 156 14
88 158 3
88 169 10
88 171 10
88 172 19
88 178 1
88 184 9
88 186 8
88 187 6
89 1 12
89 5 6
89 6 3
89 9 10
89 12 18
89 28 18
89 29 16
89 30 9
89 36 7
89 40 11
89 43 16
89 47 14
89 48 8
89 57 5
89 58 10
89 60 11
89 65 16
89 68 19
89 71 1
89 75 20
89 79 1
89 80 12
89 91 15
89 92 18
89 94 14
89 96 2
89 100 12
89 104 19
89 110 14
89 115 18
89 116 8
89 122 6
89 127 20
89 133 13
89 135 9
89 141 4
89 143 8
89 146 17
89 157 15
89 161 6
89 162 10
89 167 3
89 169 20
89 178 7
89 181 7
90 3 7
90 22 16
90 33 16
90 35 8
90 52 18
90 55 10
90 64 3
90 65 1
90 66 7
90 73 6
90 81 5
90 85 8
90 87 14
90 89 3
90 99 7
90 104 4
90 109 6
90 114 12
90 117 17
90 118 14
90 148 5
90 151 20
90 162 12
91 4 4
91 7 4
91 13 8
91 19 4
91 22 20
91 26 15
91 29 12
91 34 18
91 35 15
91 40 5
91 44 13
91 46 3
91 48 6
91 50 4
91 51 5
91 54 5
91 67 12
91 68 1
91 70 14
91 71 14
91 72 9
91 74 4
91 77 3
91 81 4
91 85 7
91 87 18
91 93 8
91 95 5
91 98 10
91 100 7
91 101 2
91 115 15
91 120 16
91 121 20
91 122 5
91 126 12
91 133 19
91 134 13
91 135 14
91 148 8
91 150 5
91 157 14
91 160 12
91 175 3
91 187 13
92 9 12
92 18 16
92 22 4
92 26 11
92 41 9
92 49 8
92 50 3
92 55 20
92 59 2
92 61 9
92 64 4
92 66 7
92 72 5
92 73 14
92 84 7
92 87 19
92 89 20
92 95 2
92 96 12
92 98 4
92 99 13
92 108 3
92 110 10
92 128 20
92 132 9
92 140 14
92 142 18
92 145 1
92 149 1
92 150 5
92 151 9
92 152 7
92 162 1
92 168 12
92 171 1
92 187 19
92 188 6
92 189 1
93 3 17
93 5 6
93 8 4
93 16 20
93 21 13
93 28 20
93 36 3
93 48 10
93 49 10
93 56 9
93 61 7
93 65 13
93 69 8
93 70 7
93 74 10
93 78 7
93 80 19
93 89 4
93 94 18
93 103 4
93 109 16
93 110 20
93 116 14
93 128 12
93 129 11
93 130 18
93 141 12
93 142 6
93 143 12
93 149 15
93 150 16
93 157 14
93 158 14
93 160 18
93 175 18
93 179 15
93 182 10
93 188 12
94 4 6
94 5 11
94 6 8
94 11 5
94 17 16
94 28 15
94 30 13
94 36 8
94 40 19
94 42 8
94 45 8
94 50 20
94 52 9
94 53 9
94 62 15
94 63 7
94 69 5
94 72 20
94 79 9
94 83 18
94 92 13
94 95 8
94 109 3
94 110 20
94 111 11
94 114 15
94 116 16
94 120 2
94 123 19
94 130 2
94 131 20
94 139 3
94 142 12
94 148 6
94 150 3
94 151 8
94 168 6
94 170 11
94 172 10
94 182 7
94 184 7
94 188 8
95 15 16
95 22 8
95 45 18
95 54 17
95 55 10
95 56 20
95 58 15
95 62 13
95 68 1
95 71 12
95 75 4
95 86 7
95 89 7
95 99 10
95 102 19
95 105 4
95 113 14
95 123 9
95 127 19
95 130 16
95 131 9
95 133 16
95 135 4
95 137 11
95 142 2
95 146 11
95 150 5
95 151 16
95 152 11
95 157 7
95 159 12
95 161 4
95 164 5
95 165 15
95 167 1
95 173 8
95 178 16
95 182 13
95 184 2
95 189 5
96 1 14
96 9 8
96 15 4
96 20 4
96 25 13
96 28 9
96 31 10
96 35 17
96 40 17
96 44 13
96 49 8
96 51 12
96 53 17
96 58 7
96 59 20
96 61 5
96 67 6
96 70 11
96 71 10
96 75 4
96 84 6
96 87 5
96 89 16
96 102 7
96 106 19
96 108 17
96 113 1
96 114 20
96 122 5
96 127 5
96 130 5
96 148 12
96 150 9
96 151 17
96 153 6
96 166 10
96 168 3
96 171 17
96 172 14
96 173 19
96 175 4
96 176 3
96 179 20
97 8 14
97 17 2
97 29 18
97 40 18
97 43 19
97 45 5
97 52 13
97 66 19
97 70 10
97 72 19
97 76 15
97 78 16
97 81 12
97 89 3
97 101 8
97 109 8
97 111 12
97 119 19
97 131 4
97 160 7
97 162 20
97 170 15
97 174 18
97 175 2
97 176 1
97 180 1
97 184 10
97 185 4
97 186 3
97 187 2
97 188 2
97 189 14
98 2 18
98 6 16
98 8 15
98 10 8
98 19 2
98 21 10
98 22 7
98 24 4
98 26 10
98 30 12
98 40 18
98 42 4
98 48 3
98 49 14
98 56 16
98 58 3
98 59 4
98 60 11
98 72 10
98 101 19
98 102 3
98 108 13
98 110 6
98 119 4
98 125 19
98 131 2
98 135 4
98 136 11
98 150 1
98 153 19
98 163 4
98 172 19
98 188 9
99 1 16
99 7 10
99 9 11
99 11 20
99 14 2
99 30 19
99 33 12
99 35 1
99 40 3
99 49 2
99 53 6
99 64 9
99 65 19
99 72 9
99 76 14
99 79 5
99 81 18
99 86 9
99 89 16
99 90 2
99 92 4
99 94 2
99 96 13
99 108 16
99 118 17
99 122 18
99 128 5
99 140 2
99 142 15
99 143 11
99 144 15
99 160 19
99 169 5
99 176 15
99 177 4
99 185 19
99 186 14
99 190 7
100 15 1
100 16 20
100 17 1
100 18 5
100 28 6
100 35 9
100 43 15
100 46 5
100 55 20
100 57 15
100 60 5
100 61 1
100 69 11
100 75 8
100 76 12
100 78 11
100 79 11
100 80 4
100 81 2
100 86 16
100 94 7
100 97 2
100 103 1
100 106 9
100 110 12
100 117 1
100 119 15
100 127 14
100 128 17
100 139 5
100 140 7
100 145 5
100 152 3
100 154 13
100 156 18
100 164 17
100 170 3
100 175 15
100 178 14
100 179 12
100 186 18
100 190 16
100 T 12
101 5 11
101 21 8
101 23 6
101 26 13
101 27 20
101 28 1
101 41 16
101 43 3
101 45 1
101 48 11
101 50 15
101 51 2
101 53 5
101 54 20
101 59 20
101 62 18
101 64 7
101 73 3
101 79 3
101 80 14
101 81 5
101 82 10
101 84 11
101 86 15
101 90 4
101 93 8
101 97 9
101 112 1
101 114 17
101 115 2
101 122 10
101 136 7
101 138 9
101 140 8
101 143 3
101 148 4
101 152 15
101 154 10
101 162 2
101 165 7
101 186 9
101 T 11
102 5 19
102 10 3
102 12 4
102 15 6
102 16 19
102 20 20
102 31 16
102 35 18
102 41 20
102 44 7
102 47 11
102 52 8
102 54 9
102 57 3
102 60 20
102 63 10
102 82 12
102 84 18
102 100 7
102 108 20
102 114 7
102 117 9
102 119 16
102 121 10
102 124 16
102 126 10
102 135 16
102 136 12
102 139 9
102 141 7
102 150 13
102 154 15
102 156 9
102 172 17
102 175 20
102 176 10
102 179 15
102 184 18
103 4 4
103 17 18
103 18 15
103 20 11
103 22 15
103 31 8
103 34 14
103 40 18
103 42 4
103 49 1
103 50 19
103 51 12
103 59 11
103 65 20
103 66 8
103 70 19
103 72 1
103 83 13
103 84 5
103 85 1
103 96 12
103 106 15
103 111 20
103 114 20
103 117 14
103 122 9
103 126 14
103 131 20
103 134 11
103 139 19
103 141 5
103 143 1
103 144 17
103 146 14
103 154 4
103 155 1
103 161 3
103 164 10
103 168 5
103 174 9
103 177 3
103 186 13
103 187 13
104 1 2
104 3 11
104 9 13
104 20 11
104 21 3
104 25 19
104 32 19
104 38 17
104 49 4
104 55 11
104 74 4
104 76 1
104 85 14
104 86 5
104 88 17
104 91 1
104 92 2
104 110 7
104 112 5
104 113 16
104 119 20
104 131 11
104 133 12
104 134 9
104 135 7
104 138 8
104 142 6
104 143 17
104 145 13
104 159 16
104 161 11
104 165 12
104 173 3
104 174 6
104 178 15
104 183 9
104 188 4
104 T 3
105 1 17
105 4 7
105 5 17
105 7 5
105 14 9
105 16 15
105 24 10
105 26 7
105 36 1
105 41 11
105 42 3
105 46 4
105 47 7
105 48 15
105 52 10
105 54 5
105 62 10
105 65 3
105 72 10
105 73 11
105 74 19
105 92 7
105 99 1
105 112 8
105 113 19
105 114 8
105 117 12
105 121 5
105 127 6
105 130 16
105 132 17
105 140 11
105 148 20
105 151 20
105 154 3
105 157 13
105 160 14
105 162 5
105 163 3
105 167 17
105 176 4
105 178 5
105 179 18
105 184 3
105 187 15
106 5 5
106 7 16
106 10 14
106 13 5
106 14 8
106 25 12
106 28 15
106 29 1
106 31 4
106 43 17
106 45 14
106 46 7
106 53 16
106 57 11
106 58 6
106 59 7
106 66 11
106 69 9
106 71 10
106 81 5
106 85 15
106 88 11
106 90 10
106 95 2
106 98 10
106 107 13
106 114 4
106 116 18
106 125 13
106 128 14
106 129 10
106 134 19
106 142 20
106 147 15
106 153 13
106 154 2
106 156 4
106 157 14
106 164 10
106 165 13
106 167 8
106 168 8
106 169 2
106 172 4
106 181 5
106 183 4
106 184 1
106 187 16
106 188 1
107 7 1
107 16 1
107 24 2
107 30 5
107 31 15
107 43 16
107 44 18
107 52 14
107 54 1
107 55 16
107 61 1
107 64 13
107 94 7
107 97 10
107 111 10
107 122 16
107 123 12
107 128 9
107 137 8
107 141 7
107 142 9
107 154 15
107 158 7
107 162 10
107 165 20
107 172 8
107 176 2
107 184 10
107 190 7
108 12 20
108 13 20
108 17 4
108 23 4
108 30 6
108 32 4
108 43 12
108 45 5
108 48 1
108 50 17
108 51 13
108 54 13
108 57 9
108 59 9
108 60 1
108 62 12
108 66 10
108 70 13
108 73 17
108 76 14
108 80 14
108 83 17
108 88 10
108 89 11
108 99 1
108 107 2
108 110 16
108 111 16
108 112 10
108 116 13
108 121 5
108 126 15
108 130 16
108 135 10
108 136 1
108 149 6
108 158 5
108 165 8
108 177 17
108 180 20
108 182 10
108 184 1
108 187 17
108 T 7
109 7 1
109 14 3
109 17 12
109 20 5
109 28 2
109 31 6
109 35 10
109 36 3
109 39 3
109 42 14
109 47 15
109 50 12
109 58 6
109 61 19
109 70 16
109 83 20
109 88 10
109 102 12
109 114 4
109 118 20
109 119 14
109 127 9
109 139 5
109 141 18
109 142 15
109 144 4
109 156 11
109 160 19
109 161 20
109 167 17
109 172 11
109 176 19
109 178 11
109 181 17
109 186 2
110 2 17
110 10 1
110 13 12
110 20 6
110 21 19
110 22 16
110 24 18
110 36 6
110 41 2
110 52 2
110 57 16
110 67 14
110 70 7
110 75 14
110 86 9
110 87 18
110 89 11
110 98 15
110 99 10
110 103 17
110 104 4
110 109 8
110 115 17
110 119 10
110 123 15
110 126 8
110 129 3
110 144 7
110 152 18
110 164 6
110 166 9
110 170 20
110 175 8
110 177 11
110 181 4
110 190 16
111 3 18
111 6 5
111 8 19
111 10 3
111 16 19
111 25 3
111 29 11
111 40 13
111 43 5
111 45 4
111 46 1
111 50 14
111 53 6
111 58 3
111 73 7
111 74 6
111 77 1
111 86 11
111 91 19
111 92 20
111 98 3
111 100 1
111 106 10
111 125 13
111 128 8
111 135 6
111 139 4
111 158 13
111 161 20
111 163 19
111 165 14
111 170 18
111 171 19
111 173 16
111 175 7
111 183 12
112 2 18
112 6 16
112 7 1
112 12 20
112 16 19
112 19 14
112 26 17
112 29 8
112 31 18
112 37 15
112 40 7
112 44 11
112 45 18
112 47 10
112 54 6
112 58 17
112 61 13
112 81 4
112 88 6
112 90 15
112 104 15
112 105 19
112 107 3
112 109 20
112 114 6
112 122 14
112 126 3
112 132 17
112 135 9
112 137 16
112 138 2
112 139 12
112 144 5
112 147 3
112 152 12
112 168 9
112 169 7
112 176 4
112 179 20
112 185 12
112 T 12
113 1 17
113 3 13
113 4 2
113 9 3
113 10 11
113 12 13
113 20 6
113 21 6
113 26 7
113 28 10
113 41 17
113 47 4
113 51 16
113 58 8
113 60 5
113 62 1
113 64 20
113 67 7
113 75 1
113 77 7
113 78 9
113 85 20
113 92 6
113 94 12
113 97 13
113 98 16
113 102 8
113 106 14
113 109 15
113 112 16
113 116 12
113 119 17
113 127 17
113 128 4
113 131 4
113 139 11
113 141 10
113 144 13
113 153 18
113 154 13
113 169 12
113 170 2
113 180 9
113 183 5
113 185 17
113 187 10
114 1 14
114 6 12
114 15 9
114 25 11
114 29 1
114 30 1
114 41 12
114 52 19
114 55 6
114 62 16
114 67 8
114 71 19
114 75 19
114 79 9
114 89 13
114 97 15
114 100 13
114 102 3
114 106 12
114 107 5
114 121 18
114 123 18
114 129 18
114 130 17
114 134 17
114 137 4
114 142 16
114 156 14
114 157 2
114 163 13
114 168 19
114 175 14
114 181 1
114 184 10
115 6 7
115 7 9
115 12 8
115 30 10
115 35 4
115 39 14
115 42 4
115 52 20
115 54 8
115 57 13
115 82 18
115 84 5
115 91 4
115 92 9
115 93 15
115 100 6
115 104 3
115 107 2
115 108 6
115 111 8
115 118 17
115 123 15
115 124 9
115 143 19
115 145 7
115 148 7
115 155 7
115 163 18
115 165 18
115 166 8
115 169 16
115 170 3
115 172 13
115 182 11
115 183 7
115 184 15
115 185 14
116 3 20
116 4 12
116 5 2
116 14 7
116 18 12
116 19 12
116 31 9
116 40 10
116 43 8
116 54 12
116 65 1
116 69 15
116 70 5
116 72 15
116 73 11
116 80 17
116 85 10
116 98 20
116 106 12
116 113 10
116 119 1
116 121 3
116 127 12
116 131 2
116 134 17
116 137 8
116 139 12
116 152 7
116 171 20
116 172 15
116 173 12
116 175 12
116 176 12
116 188 16
116 190 18
116 T 9
117 1 3
117 6 7
117 15 11
117 17 13
117 18 11
117 20 7
117 26 2
117 27 18
117 31 11
117 36 8
117 45 2
117 46 3
117 50 13
117 57 7
117 58 5
117 60 20
117 65 7
117 70 16
117 71 1
117 72 15
117 73 19
117 87 16
117 88 17
117 89 16
117 95 7
117 100 20
117 104 20
117 106 4
117 107 18
117 111 11
117 120 16
117 128 14
117 136 12
117 142 6
117 145 19
117 149 2
117 154 15
117 155 16
117 162 3
117 175 7
117 179 6
117 186 9
118 1 5
118 15 19
118 23 1
118 29 19
118 37 6
118 42 15
118 43 17
118 45 16
118 50 9
118 52 4
118 57 10
118 62 17
118 63 18
118 64 17
118 68 16
118 69 17
118 71 6
118 72 15
118 76 20
118 82 8
118 83 11
118 84 3
118 85 17
118 87 20
118 102 7
118 104 17
118 113 20
118 119 10
118 123 5
118 128 16
118 130 7
118 131 5
118 141 9
118 146 18
118 147 7
118 150 12
118 151 3
118 152 6
118 160 12
118 161 12
118 175 7
118 181 13
119 9 16
119 16 20
119 48 1
119 54 16
119 62 10
119 63 19
119 64 1
119 69 3
119 74 4
119 75 12
119 83 16
119 110 17
119 115 2
119 128 15
119 139 14
119 144 11
119 145 8
119 148 10
119 149 9
119 156 18
119 158 6
119 160 18
119 162 17
119 164 13
119 167 15
119 168 1
119 169 9
119 170 17
119 171 16
119 176 15
119 182 14
119 183 4
119 188 16
120 1 8
120 6 4
120 7 20
120 12 13
120 15 6
120 40 10
120 42 18
120 43 2
120 51 13
120 71 9
120 75 4
120 88 9
120 92 10
120 93 8
120 94 6
120 100 7
120 102 6
120 106 4
120 109 18
120 111 6
120 123 15
120 126 14
120 142 19
120 151 19
120 153 4
120 161 18
120 163 3
120 176 7
120 179 18
120 180 10
120 184 11
120 186 19
120 187 15
120 189 13
121 1 10
121 5 11
121 10 4
121 20 14
121 28 6
121 38 19
121 47 2
121 52 16
121 54 17
121 60 8
121 62 6
121 64 16
121 65 12
121 72 3
121 78 2
121 79 10
121 81 14
121 89 11
121 100 10
121 106 15
121 122 11
121 123 7
121 133 2
121 134 19
121 144 6
121 146 1
121 147 16
121 148 1
121 150 14
121 152 18
121 158 12
121 159 4
121 162 5
121 167 13
121 178 1
121 182 11
121 183 11
121 184 3
121 188 16
121 T 10
122 1 7
122 10 3
122 11 12
122 23 5
122 39 19
122 43 6
122 48 10
122 49 12
122 51 15
122 67 9
122 68 3
122 69 1
122 85 8
122 102 16
122 103 17
122 104 15
122 108 11
122 113 13
122 115 4
122 119 19
122 134 15
122 138 8
122 140 20
122 145 19
122 152 11
122 160 20
122 178 1
122 185 15
122 190 9
123 3 3
123 6 9
123 7 4
123 10 11
123 13 2
123 14 17
123 15 17
123 16 17
123 17 13
123 23 13
123 26 20
123 28 3
123 33 13
123 35 4
123 36 19
123 37 19
123 42 16
123 45 3
123 50 9
123 56 6
123 61 2
123 74 5
123 78 8
123 83 16
123 89 20
123 92 16
123 95 8
123 98 12
123 105 2
123 117 1
123 120 2
123 126 8
123 127 2
123 132 14
123 139 1
123 141 19
123 148 1
123 156 20
123 157 14
123 158 14
123 160 9
123 174 18
123 176 5
123 180 3
123 185 18
123 187 13
123 T 13
124 1 15
124 2 15
124 3 11
124 5 10
124 8 4
124 13 3
124 23 15
124 24 2
124 26 3
124 27 14
124 32 4
124 41 18
124 42 3
124 64 15
124 72 20
124 80 12
124 82 9
124 83 19
124 85 7
124 89 10
124 91 7
124 108 19
124 112 11
124 118 1
124 120 13
124 122 8
124 134 14
124 135 9
124 136 15
124 139 15
124 143 6
124 158 16
124 160 16
124 167 6
124 169 15
124 174 14
124 181 20
124 182 5
124 183 4
124 186 3
124 189 8
125 2 20
125 3 13
125 4 5
125 7 1
125 8 9
125 11 13
125 13 14
125 14 1
125 20 11
125 27 19
125 28 12
125 35 10
125 36 18
125 48 18
125 62 19
125 71 10
125 72 3
125 74 7
125 75 5
125 77 17
125 88 12
125 89 11
125 96 1
125 98 3
125 106 6
125 108 2
125 117 10
125 122 4
125 137 11
125 141 4
125 143 8
125 145 2
125 149 16
125 150 13
125 153 9
125 159 3
125 169 3
125 170 10
125 175 18
125 177 13
125 183 12
125 185 7
125 190 9
126 6 9
126 11 12
126 12 14
126 23 5
126 27 6
126 28 15
126 30 2
126 32 1
126 38 13
126 42 7
126 43 11
126 44 5
126 47 12
126 48 20
126 57 6
126 70 5
126 77 9
126 83 18
126 90 17
126 92 2
126 94 1
126 97 17
126 106 11
126 108 8
126 119 5
126 121 16
126 122 16
126 125 7
126 130 6
126 131 8
126 136 19
126 143 9
126 147 17
126 148 18
126 151 17
126 155 9
126 159 2
126 163 9
126 182 9
127 3 6
127 6 7
127 17 18
127 18 14
127 22 6
127 24 8
127 32 10
127 37 10
127 41 13
127 47 20
127 49 18
127 56 16
127 57 14
127 59 13
127 61 8
127 63 15
127 64 18
127 69 9
127 72 7
127 78 13
127 79 19
127 102 2
127 105 1
127 106 11
127 120 17
127 133 20
127 135 12
127 139 10
127 151 4
127 182 11
127 184 14
127 187 18
128 6 6
128 7 9
128 10 11
128 18 1
128 19 8
128 29 17
128 37 11
128 38 5
128 40 20
128 41 20
128 46 15
128 55 6
128 61 10
128 67 9
128 69 1
128 70 9
128 75 15
128 110 2
128 111 17
128 122 8
128 124 15
128 126 14
128 131 2
128 133 8
128 145 18
128 150 1
128 151 10
128 156 16
128 157 16
128 164 19
128 170 6
128 171 5
128 190 17
128 T 17
129 6 19
129 10 10
129 14 10
129 16 17
129 18 8
129 27 16
129 29 15
129 31 7
129 32 1
129 34 12
129 50 8
129 53 12
129 64 12
129 67 6
129 69 4
129 78 10
129 83 10
129 86 6
129 91 8
129 92 19
129 95 4
129 104 8
129 113 19
129 115 17
129 118 4
129 123 9
129 133 6
129 134 15
129 139 15
129 142 11
129 150 11
129 151 13
129 153 6
129 155 13
129 176 15
129 189 3
130 9 7
130 10 7
130 13 19
130 26 10
130 27 15
130 28 4
130 29 15
130 36 17
130 38 11
130 43 19
130 48 19
130 55 2
130 57 12
130 59 8
130 61 3
130 63 16
130 74 1
130 75 15
130 77 17
130 80 20
130 81 7
130 84 12
130 85 12
130 86 17
130 94 9
130 98 5
130 100 14
130 116 2
130 118 20
130 121 9
130 122 6
130 127 4
130 131 10
130 133 14
130 145 1
130 150 19
130 152 18
130 157 2
130 158 16
130 169 7
130 174 8
130 180 1
130 185 18
131 1 18
131 4 11
131 8 1
131 10 17
131 13 5
131 16 14
131 17 7
131 24 3
131 33 3
131 37 20
131 48 10
131 49 10
131 53 4
131 54 2
131 58 20
131 62 5
131 70 14
131 72 1
131 81 3
131 90 13
131 95 17
131 99 15
131 105 12
131 111 15
131 112 7
131 115 1
131 128 8
131 133 9
131 141 20
131 147 7
131 150 13
131 152 15
131 154 17
131 158 19
131 167 4
131 171 1
131 175 18
131 180 7
131 182 3
131 183 6
132 13 19
132 14 19
132 29 1
132 30 10
132 35 14
132 39 18
132 43 3
132 47 10
132 50 1
132 60 8
132 67 12
132 69 13
132 74 15
132 79 5
132 82 11
132 91 16
132 93 4
132 98 2
132 100 4
132 113 6
132 114 20
132 116 3
132 117 5
132 118 14
132 122 10
132 126 20
132 130 4
132 131 6
132 134 20
132 137 15
132 142 13
132 143 19
132 145 2
132 149 9
132 153 12
132 156 17
132 171 14
132 172 14
132 175 16
132 178 15
132 182 17
132 183 18
132 190 10
133 2 18
133 5 20
133 7 1
133 8 20
133 10 10
133 11 12
133 12 5
133 31 15
133 32 13
133 33 5
133 38 20
133 46 10
133 55 1
133 62 6
133 64 6
133 65 16
133 79 17
133 80 1
133 84 13
133 91 11
133 102 6
133 105 7
133 107 13
133 108 14
133 114 4
133 116 3
133 131 5
133 138 15
133 143 2
133 153 13
133 156 14
133 157 4
133 160 19
133 164 19
133 182 12
133 183 11
133 T 13
134 4 20
134 8 16
134 11 20
134 13 15
134 19 16
134 21 17
134 30 8
134 40 16
134 43 20
134 46 1
134 47 13
134 49 3
134 57 2
134 60 19
134 81 6
134 84 3
134 98 8
134 100 16
134 106 5
134 111 3
134 118 2
134 121 3
134 124 14
134 133 12
134 136 10
134 140 20
134 141 17
134 143 6
134 156 8
134 158 6
134 159 19
134 161 11
134 162 13
134 163 18
134 178 3
134 183 14
134 189 18
135 1 9
135 4 19
135 10 6
135 12 17
135 22 20
135 33 14
135 36 20
135 37 16
135 39 7
135 47 12
135 51 15
135 52 12
135 56 6
135 60 6
135 61 9
135 63 13
135 69 18
135 84 14
135 86 19
135 91 2
135 92 11
135 96 2
135 98 11
135 100 4
135 101 8
135 103 17
135 104 15
135 113 4
135 123 8
135 138 2
135 142 1
135 143 19
135 153 15
135 154 7
135 157 20
135 168 19
135 171 3
135 178 17
135 180 7
135 182 1
135 189 16
136 1 10
136 6 2
136 10 11
136 17 15
136 24 11
136 36 5
136 38 9
136 42 20
136 43 17
136 53 8
136 55 11
136 60 1
136 63 13
136 68 17
136 71 4
136 72 6
136 73 15
136 74 9
136 77 7
136 82 18
136 99 16
136 103 11
136 118 5
136 131 13
136 132 3
136 137 1
136 140 18
136 149 1
136 150 11
136 151 10
136 156 13
136 162 3
136 165 13
136 173 7
136 176 11
136 180 2
136 187 11
136 T 19
137 2 13
137 4 8
137 5 19
137 20 3
137 25 2
137 27 6
137 28 2
137 30 18
137 31 5
137 33 16
137 43 10
137 49 2
137 52 10
137 55 12
137 58 19
137 60 19
137 61 16
137 69 12
137 74 6
137 85 18
137 87 4
137 88 10
137 89 10
137 95 7
137 96 10
137 99 7
137 105 7
137 107 11
137 108 18
137 118 18
137 119 16
137 120 14
137 140 17
137 141 3
137 143 14
137 148 16
137 151 15
137 162 17
137 170 13
137 175 12
137 178 5
137 181 17
137 183 9
137 184 7
137 185 7
138 13 11
138 17 14
138 20 5
138 22 10
138 29 4
138 31 1
138 43 1
138 50 12
138 51 2
138 53 19
138 61 16
138 68 12
138 70 20
138 79 16
138 83 7
138 89 12
138 91 14
138 108 3
138 116 20
138 122 7
138 125 19
138 128 5
138 130 3
138 133 12
138 142 1
138 146 18
138 148 16
138 155 8
138 160 10
138 163 3
138 169 1
138 170 15
138 173 3
138 174 6
138 176 1
138 178 15
138 180 8
138 185 17
139 1 14
139 3 9
139 5 9
139 13 5
139 20 15
139 23 5
139 25 17
139 27 16
139 29 3
139 30 1
139 36 13
139 38 9
139 39 8
139 40 6
139 41 7
139 42 18
139 47 13
139 48 6
139 52 5
139 56 17
139 76 5
139 88 5
139 101 9
139 106 16
139 119 6
139 120 5
139 124 2
139 127 10
139 131 10
139 133 3
139 136 12
139 143 14
139 146 12
139 147 18
139 151 18
139 156 17
139 157 14
139 160 3
139 162 1
139 173 20
139 175 2
139 T 13
140 17 12
140 37 14
140 38 10
140 41 20
140 42 7
140 49 18
140 50 10
140 53 20
140 61 20
140 72 13
140 79 16
140 80 12
140 85 16
140 88 16
140 95 1
140 96 13
140 102 18
140 104 20
140 105 1
140 112 16
140 113 3
140 120 15
140 123 7
140 125 19
140 129 19
140 133 7
140 138 5
140 150 17
140 159 11
140 161 7
140 164 14
140 167 6
140 170 12
140 175 18
140 179 12
140 T 11
141 6 16
141 11 6
141 12 6
141 22 5
141 29 16
141 30 13
141 33 7
141 37 11
141 39 15
141 57 11
141 60 9
141 74 4
141 78 2
141 87 19
141 90 6
141 92 1
141 93 12
141 95 19
141 99 5
141 100 20
141 112 8
141 122 4
141 126 12
141 132 18
141 153 2
141 154 1
141 155 7
141 159 18
141 160 17
141 166 12
141 168 5
141 175 9
141 176 9
141 177 8
141 181 13
141 184 3
141 185 4
141 190 17
142 20 10
142 26 12
142 29 4
142 30 1
142 44 7
142 56 2
142 59 12
142 66 15
142 67 5
142 70 2
142 73 5
142 87 20
142 90 15
142 96 14
142 113 13
142 121 19
142 127 5
142 128 19
142 137 12
142 144 5
142 145 1
142 149 12
142 153 5
142 162 6
142 168 13
142 170 7
142 171 19
142 183 3
143 5 1
143 7 18
143 9 10
143 15 5
143 16 15
143 21 3
143 24 8
143 27 10
143 30 8
143 32 17
143 33 11
143 34 12
143 36 9
143 47 8
143 54 17
143 59 10
143 63 13
143 68 2
143 69 12
143 71 5
143 75 11
143 78 2
143 81 15
143 82 13
143 86 17
143 87 8
143 89 12
143 91 19
143 93 10
143 99 8
143 100 19
143 103 5
143 105 14
143 106 13
143 107 9
143 109 7
143 112 7
143 114 20
143 115 9
143 123 6
143 124 9
143 128 15
143 131 7
143 149 15
143 150 10
143 151 4
143 152 10
143 153 16
143 157 9
143 166 6
143 172 13
143 175 7
143 176 19
143 178 6
143 181 19
143 182 8
143 189 11
144 6 18
144 15 4
144 18 10
144 19 15
144 22 9
144 24 6
144 33 7
144 34 13
144 44 17
144 54 3
144 61 3
144 62 17
144 65 8
144 68 10
144 75 13
144 87 6
144 88 15
144 90 12
144 93 10
144 94 10
144 95 6
144 96 3
144 97 20
144 111 15
144 114 9
144 124 6
144 128 9
144 133 2
144 134 2
144 152 1
144 154 2
144 157 17
144 158 11
144 167 14
144 171 8
144 176 2
144 183 14
144 184 2
144 188 10
145 5 2
145 10 15
145 18 20
145 20 9
145 23 9
145 26 2
145 27 16
145 29 14
145 38 11
145 41 14
145 50 18
145 74 17
145 76 19
145 86 15
145 87 3
145 88 6
145 94 16
145 112 10
145 114 15
145 118 9
145 126 20
145 127 11
145 133 1
145 134 16
145 138 10
145 139 8
145 141 15
145 146 6
145 149 15
145 156 19
145 159 1
145 165 13
145 190 5
146 10 7
146 13 7
146 23 5
146 31 17
146 32 5
146 33 9
146 39 15
146 43 12
146 45 2
146 52 18
146 66 18
146 70 1
146 74 4
146 78 12
146 85 14
146 92 3
146 108 14
146 135 7
146 136 8
146 138 6
146 143 19
146 150 4
146 153 19
146 158 18
146 163 8
146 167 16
146 170 9
146 173 16
146 176 20
146 181 7
146 183 20
147 13 11
147 15 7
147 21 5
147 24 15
147 25 1
147 36 16
147 39 9
147 44 3
147 47 20
147 58 4
147 79 13
147 83 1
147 87 16
147 92 7
147 93 5
147 104 1
147 110 2
147 118 1
147 123 8
147 124 5
147 135 15
147 152 1
147 156 14
147 162 8
147 181 4
147 185 10
147 189 20
148 5 2
148 9 13
148 11 5
148 15 20
148 19 19
148 21 8
148 26 1
148 34 10
148 40 10
148 46 5
148 55 13
148 59 9
148 67 10
148 69 4
148 80 14
148 87 7
148 91 8
148 105 19
148 118 19
148 125 19
148 128 13
148 146 17
148 150 17
148 154 13
148 156 10
148 157 15
148 158 18
148 160 9
148 168 12
148 170 2
148 182 7
148 183 14
148 184 12
148 187 6
148 T 4
149 8 18
149 11 6
149 13 2
149 17 11
149 19 10
149 26 14
149 28 8
149 29 11
149 30 6
149 34 4
149 37 19
149 39 2
149 40 12
149 43 20
149 51 7
149 52 3
149 60 6
149 79 10
149 84 16
149 90 11
149 102 4
149 106 11
149 117 3
149 118 6
149 119 17
149 121 19
149 130 14
149 131 14
149 143 13
149 146 2
149 147 10
149 156 2
149 161 20
149 163 20
149 178 4
149 180 10
149 182 20
149 183 16
149 187 5
150 5 15
150 18 4
150 20 4
150 25 13
150 35 8
150 42 8
150 46 17
150 55 9
150 59 13
150 65 12
150 66 13
150 70 9
150 83 3
150 86 8
150 87 8
150 89 6
150 101 19
150 113 19
150 114 3
150 127 16
150 140 11
150 146 14
150 155 17
150 156 20
150 160 7
150 164 8
150 165 12
150 172 14
150 183 19
150 184 7
150 186 20
150 189 8
150 T 9
151 2 5
151 4 13
151 5 4
151 9 14
151 10 18
151 12 7
151 13 2
151 16 6
151 17 10
151 21 17
151 22 17
151 27 3
151 28 8
151 30 20
151 34 3
151 45 17
151 49 1
151 54 13
151 55 5
151 62 13
151 73 18
151 76 6
151 77 5
151 78 4
151 90 9
151 111 11
151 112 12
151 117 4
151 125 12
151 132 17
151 140 4
151 145 2
151 148 13
151 150 1
151 156 14
151 165 7
151 167 18
151 170 10
151 171 11
151 175 17
151 185 17
151 190 2
152 8 17
152 9 19
152 19 14
152 24 18
152 28 20
152 55 8
152 65 7
152 69 6
152 75 7
152 78 11
152 88 11
152 97 19
152 102 19
152 106 14
152 111 16
152 113 9
152 114 2
152 133 1
152 140 9
152 145 16
152 150 15
152 156 2
152 158 9
152 161 9
152 162 1
152 166 11
152 168 9
152 175 20
152 178 19
152 181 7
152 188 3
153 4 4
153 13 7
153 16 4
153 21 3
153 25 19
153 38 18
153 54 11
153 55 17
153 56 18
153 57 15
153 60 3
153 63 15
153 69 20
153 72 2
153 74 16
153 80 14
153 83 13
153 88 14
153 93 19
153 108 7
153 113 18
153 119 11
153 136 8
153 140 20
153 143 18
153 144 18
153 148 9
153 154 13
153 155 19
153 158 11
153 159 9
153 162 16
153 165 5
153 166 11
153 174 2
153 175 10
153 176 6
153 179 18
153 180 6
153 185 8
153 186 15
154 5 6
154 10 15
154 11 14
154 12 18
154 24 14
154 25 19
154 33 13
154 42 3
154 57 1
154 59 11
154 61 2
154 63 2
154 72 10
154 84 16
154 86 17
154 87 19
154 89 6
154 92 7
154 104 10
154 105 6
154 111 5
154 115 16
154 119 4
154 120 15
154 124 16
154 128 2
154 131 16
154 138 12
154 140 11
154 143 8
154 149 9
154 150 14
154 155 9
154 159 9
154 163 18
154 169 18
154 171 15
154 175 15
154 176 16
154 177 1
154 182 8
155 7 14
155 14 6
155 15 19
155 20 14
155 23 9
155 29 5
155 30 20
155 31 17
155 33 6
155 53 5
155 58 2
155 59 7
155 61 15
155 66 6
155 69 11
155 89 6
155 90 15
155 102 10
155 106 4
155 119 5
155 120 1
155 127 8
155 130 9
155 138 13
155 140 14
155 142 6
155 145 14
155 149 16
155 162 1
155 168 13
155 170 6
155 174 11
155 180 13
155 186 20
155 188 12
155 189 7
156 3 10
156 4 8
156 11 19
156 14 8
156 15 15
156 22 2
156 34 3
156 41 8
156 43 14
156 45 14
156 60 8
156 63 11
156 65 4
156 72 14
156 88 4
156 91 1
156 102 4
156 104 13
156 111 14
156 115 17
156 118 5
156 121 16
156 127 12
156 136 13
156 142 18
156 165 8
156 166 19
156 168 3
156 172 18
156 173 15
156 184 10
156 T 1
157 14 14
157 26 20
157 29 16
157 34 2
157 37 2
157 45 7
157 50 19
157 57 11
157 62 14
157 65 15
157 66 7
157 69 3
157 70 3
157 76 13
157 77 6
157 84 12
157 89 7
157 90 17
157 92 3
157 98 7
157 99 18
157 100 15
157 114 10
157 117 9
157 119 3
157 123 10
157 129 17
157 135 5
157 139 1
157 142 1
157 145 7
157 150 9
157 158 6
157 177 19
157 181 14
157 185 3
157 186 5
158 5 18
158 6 15
158 7 19
158 8 6
158 9 19
158 10 10
158 17 9
158 20 17
158 32 14
158 41 20
158 42 2
158 48 6
158 57 10
158 64 9
158 69 15
158 73 9
158 78 2
158 82 14
158 87 11
158 92 20
158 95 18
158 106 14
158 108 16
158 118 5
158 119 12
158 122 20
158 124 9
158 129 10
158 149 7
158 150 9
158 156 13
158 159 8
158 169 13
158 175 3
158 188 16
159 11 6
159 12 5
159 19 19
159 21 10
159 23 10
159 25 10
159 28 7
159 29 3
159 35 14
159 40 2
159 45 7
159 65 15
159 67 7
159 75 20
159 77 15
159 78 12
159 79 10
159 80 6
159 81 3
159 83 11
159 89 3
159 90 15
159 99 18
159 107 14
159 111 9
159 112 9
159 113 2
159 116 13
159 118 19
159 121 10
159 126 14
159 127 6
159 129 2
159 131 7
159 156 18
159 163 10
159 164 5
159 170 2
159 184 2
159 186 3
159 188 16
160 7 6
160 18 15
160 19 19
160 22 15
160 24 16
160 26 19
160 36 10
160 42 11
160 49 6
160 50 9
160 61 2
160 63 6
160 66 6
160 73 12
160 85 4
160 91 8
160 96 11
160 111 18
160 139 9
160 141 15
160 147 3
160 152 9
160 154 3
160 156 1
160 158 17
160 162 11
160 173 8
160 177 19
160 182 13
160 188 12
161 1 6
161 7 1
161 11 19
161 12 4
161 13 6
161 15 14
161 16 13
161 22 12
161 26 16
161 28 2
161 31 8
161 37 3
161 38 19
161 43 8
161 46 2
161 47 15
161 49 9
161 61 1
161 70 9
161 100 12
161 102 11
161 114 5
161 115 11
161 117 8
161 121 16
161 124 7
161 131 8
161 141 18
161 142 15
161 149 9
161 155 19
161 175 8
161 176 3
161 177 14
161 181 6
161 185 2
161 187 6
161 T 18
162 2 3
162 27 9
162 36 6
162 40 11
162 45 3
162 52 9
162 54 13
162 56 19
162 60 8
162 68 2
162 83 8
162 86 20
162 87 13
162 88 12
162 92 17
162 94 12
162 97 19
162 99 13
162 102 16
162 107 2
162 109 4
162 115 4
162 117 10
162 119 20
162 126 13
162 127 3
162 132 14
162 139 20
162 141 2
162 154 19
162 161 14
162 187 6
163 8 9
163 16 6
163 20 7
163 25 17
163 36 6
163 43 18
163 46 3
163 47 17
163 48 4
163 52 15
163 57 11
163 61 17
163 71 19
163 78 13
163 81 3
163 82 16
163 86 7
163 90 19
163 99 20
163 100 11
163 102 12
163 103 19
163 116 9
163 124 1
163 125 1
163 126 13
163 129 9
163 135 19
163 136 13
163 137 20
163 141 12
163 148 20
163 151 1
163 152 18
163 159 8
163 168 20
163 172 1
163 174 7
163 178 18
163 182 5
164 9 11
164 19 16
164 20 13
164 22 11
164 34 12
164 35 8
164 36 18
164 47 18
164 48 3
164 51 19
164 55 20
164 72 8
164 77 8
164 84 5
164 90 7
164 94 9
164 105 4
164 111 4
164 120 15
164 121 15
164 122 18
164 123 8
164 128 9
164 131 10
164 132 18
164 133 15
164 141 20
164 144 5
164 145 19
164 153 9
164 154 8
164 158 2
164 171 1
164 173 6
164 175 3
164 176 5
164 182 3
164 185 6
165 9 8
165 13 8
165 16 20
165 20 12
165 25 9
165 29 4
165 30 3
165 31 4
165 43 15
165 46 5
165 47 17
165 56 20
165 57 13
165 75 9
165 77 6
165 78 19
165 87 20
165 97 14
165 98 19
165 116 3
165 118 13
165 119 11
165 120 2
165 125 10
165 126 2
165 130 10
165 132 16
165 136 2
165 139 11
165 140 11
165 151 11
165 152 19
165 153 3
165 155 20
165 163 8
165 168 13
165 176 6
165 179 3
165 180 3
165 181 4
165 T 6
166 1 3
166 3 19
166 6 8
166 8 5
166 10 10
166 11 4
166 14 18
166 18 15
166 27 15
166 30 14
166 35 17
166 40 10
166 42 7
166 51 4
166 56 11
166 63 13
166 64 9
166 69 12
166 75 1
166 77 15
166 79 9
166 101 16
166 104 15
166 116 14
166 120 18
166 128 4
166 134 7
166 136 10
166 140 3
166 145 13
166 148 8
166 150 8
166 154 3
166 155 8
166 156 2
166 162 5
166 163 3
166 170 17
166 177 8
166 181 14
166 183 16
166 184 8
166 T 16
167 7 20
167 18 4
167 22 6
167 26 8
167 29 11
167 31 5
167 37 14
167 39 9
167 52 8
167 55 3
167 58 3
167 61 8
167 72 4
167 83 18
167 86 1
167 89 11
167 100 11
167 103 9
167 104 7
167 106 10
167 111 10
167 122 11
167 125 11
167 136 15
167 138 16
167 151 17
167 153 17
167 154 4
167 155 11
167 161 10
167 163 16
167 174 4
167 179 19
167 180 20
167 184 10
167 187 2
167 188 10
167 T 20
168 6 14
168 8 10
168 20 13
168 23 15
168 24 7
168 27 17
168 37 1
168 43 9
168 45 18
168 51 16
168 53 7
168 55 18
168 66 2
168 70 13
168 73 8
168 78 12
168 87 4
168 90 12
168 95 14
168 96 16
168 111 13
168 116 15
168 117 5
168 121 17
168 132 1
168 136 3
168 143 20
168 159 18
168 161 12
168 163 1
168 164 1
168 167 17
168 188 19
169 4 12
169 5 3
169 8 18
169 14 1
169 18 18
169 20 3
169 22 3
169 23 10
169 25 7
169 27 16
169 33 7
169 36 10
169 44 4
169 47 13
169 48 14
169 49 3
169 64 6
169 66 2
169 70 12
169 73 8
169 78 8
169 82 20
169 85 10
169 91 8
169 93 16
169 98 19
169 99 10
169 106 12
169 111 4
169 112 4
169 113 9
169 114 8
169 125 13
169 135 2
169 141 7
169 149 1
169 151 13
169 152 4
169 154 19
169 166 10
169 173 10
169 184 11
170 5 3
170 7 8
170 8 16
170 9 11
170 14 2
170 27 18
170 29 1
170 35 11
170 42 12
170 46 1
170 48 18
170 49 17
170 54 19
170 59 2
170 60 7
170 72 19
170 76 1
170 79 13
170 85 17
170 90 16
170 91 13
170 102 6
170 104 2
170 106 13
170 111 18
170 113 11
170 115 9
170 119 13
170 124 4
170 125 13
170 127 9
170 131 5
170 137 2
170 138 10
170 149 5
170 154 13
170 155 6
170 157 19
170 158 15
170 160 14
170 163 10
170 164 4
170 166 20
170 169 8
170 176 18
170 177 9
170 178 6
170 179 3
170 187 17
171 3 12
171 8 3
171 15 11
171 18 17
171 21 10
171 26 12
171 28 2
171 31 3
171 38 3
171 42 14
171 44 18
171 53 6
171 54 3
171 57 4
171 59 16
171 64 8
171 66 16
171 71 14
171 72 13
171 76 2
171 81 18
171 85 13
171 87 12
171 91 10
171 92 5
171 98 15
171 102 17
171 116 20
171 121 1
171 126 9
171 129 9
171 130 19
171 133 3
171 135 19
171 138 17
171 142 15
171 147 1
171 157 20
171 158 13
171 159 14
171 160 14
171 162 18
171 164 4
171 169 12
171 183 5
171 184 17
171 187 17
171 188 17
171 190 15
172 20 11
172 22 1
172 33 8
172 34 11
172 39 2
172 42 2
172 72 2
172 86 5
172 89 13
172 91 19
172 100 14
172 103 13
172 106 9
172 110 13
172 116 2
172 124 7
172 132 12
172 139 1
172 151 7
172 155 20
172 158 2
172 161 5
172 166 19
172 170 7
172 178 19
172 186 3
172 187 6
172 189 9
173 6 6
173 13 20
173 26 10
173 28 16
173 30 4
173 33 11
173 36 9
173 38 17
173 40 1
173 41 1
173 55 15
173 60 4
173 62 10
173 66 19
173 73 11
173 79 14
173 80 7
173 81 18
173 87 18
173 89 9
173 93 18
173 114 18
173 115 11
173 120 16
173 121 18
173 126 15
173 134 5
173 137 12
173 142 14
173 145 8
173 148 16
173 154 3
173 158 16
173 159 1
173 160 3
173 164 11
173 166 11
173 174 11
173 175 2
173 177 6
174 12 17
174 19 4
174 27 4
174 32 19
174 34 2
174 35 9
174 43 19
174 47 18
174 59 3
174 61 5
174 63 9
174 72 1
174 74 9
174 75 20
174 77 4
174 83 15
174 86 3
174 90 1
174 100 15
174 103 8
174 105 8
174 107 3
174 111 11
174 125 17
174 126 12
174 129 3
174 135 18
174 150 13
174 151 18
174 152 15
174 154 16
174 160 19
174 165 2
174 168 2
174 172 11
174 177 11
174 185 4
174 190 10
175 9 2
175 14 7
175 15 13
175 19 19
175 20 18
175 25 14
175 32 10
175 33 17
175 40 14
175 44 8
175 57 18
175 65 2
175 66 4
175 71 9
175 73 2
175 78 10
175 80 19
175 85 18
175 88 10
175 92 3
175 95 17
175 101 18
175 102 17
175 103 1
175 104 14
175 107 4
175 111 9
175 119 20
175 120 15
175 121 6
175 122 18
175 136 20
175 139 13
175 140 2
175 142 3
175 143 1
175 146 7
175 147 4
175 149 3
175 154 13
175 155 16
175 158 1
175 163 6
175 167 16
175 177 13
175 180 6
175 183 4
175 189 5
175 190 2
175 T 13
176 1 1
176 7 9
176 9 5
176 13 16
176 14 18
176 15 4
176 25 3
176 26 18
176 30 12
176 37 1
176 39 18
176 50 9
176 53 15
176 56 16
176 57 4
176 58 15
176 60 6
176 65 18
176 79 15
176 84 5
176 90 20
176 91 3
176 92 16
176 93 4
176 94 2
176 96 5
176 101 9
176 107 4
176 115 16
176 118 3
176 120 10
176 135 13
176 141 2
176 144 6
176 157 6
176 165 16
176 168 7
176 169 10
176 171 14
176 178 8
176 180 13
176 181 2
176 184 7
177 6 14
177 9 6
177 20 1
177 24 9
177 26 10
177 30 3
177 42 4
177 49 18
177 56 2
177 57 9
177 60 9
177 68 9
177 72 9
177 74 18
177 81 10
177 92 5
177 99 8
177 101 11
177 111 4
177 112 16
177 113 15
177 115 7
177 118 11
177 119 18
177 121 4
177 122 5
177 123 12
177 126 4
177 130 7
177 143 20
177 147 9
177 149 19
177 152 12
177 157 11
177 158 12
177 161 17
177 170 16
177 175 13
177 176 4
177 180 6
177 183 14
177 184 11
177 189 12
178 2 18
178 9 12
178 14 11
178 18 12
178 20 20
178 24 10
178 30 12
178 33 17
178 40 16
178 43 3
178 52 18
178 71 7
178 76 8
178 80 20
178 89 11
178 90 14
178 91 11
178 96 1
178 98 19
178 100 12
178 102 2
178 103 5
178 120 20
178 125 13
178 141 10
178 147 7
178 149 15
178 166 19
178 167 14
178 168 12
178 171 9
178 175 5
178 187 12
179 6 5
179 7 11
179 10 7
179 12 19
179 18 11
179 22 10
179 24 7
179 27 4
179 28 2
179 42 11
179 43 15
179 48 8
179 62 6
179 63 3
179 66 10
179 70 19
179 76 17
179 80 20
179 81 3
179 85 13
179 90 15
179 93 8
179 97 12
179 103 11
179 112 1
179 117 19
179 122 4
179 128 10
179 137 13
179 139 18
179 140 5
179 143 13
179 155 8
179 156 5
179 159 10
179 161 19
179 162 16
179 166 8
179 187 14
180 2 17
180 5 10
180 16 19
180 20 19
180 21 20
180 23 14
180 32 2
180 33 18
180 41 4
180 45 16
180 48 7
180 57 5
180 59 3
180 60 4
180 69 9
180 75 20
180 99 20
180 108 17
180 111 11
180 121 6
180 126 10
180 128 4
180 129 15
180 135 11
180 136 8
180 141 16
180 143 18
180 144 9
180 157 18
180 162 8
180 163 14
180 167 7
180 168 1
180 175 13
180 183 17
180 T 5
181 4 1
181 8 17
181 29 18
181 31 3
181 34 8
181 35 19
181 38 13
181 48 9
181 52 12
181 60 17
181 62 12
181 64 6
181 79 1
181 80 8
181 81 3
181 86 17
181 94 3
181 95 9
181 139 9
181 140 7
181 142 9
181 144 1
181 145 15
181 146 13
181 147 18
181 148 19
181 149 3
181 152 19
181 164 11
181 170 3
181 172 18
181 186 4
181 190 8
182 1 12
182 12 2
182 25 2
182 34 11
182 47 17
182 50 5
182 56 15
182 63 15
182 68 10
182 77 14
182 84 3
182 88 19
182 91 9
182 94 5
182 95 8
182 97 11
182 104 17
182 110 12
182 115 8
182 123 11
182 125 5
182 126 10
182 128 9
182 129 16
182 134 11
182 138 1
182 144 7
182 148 9
182 150 20
182 154 11
182 155 11
182 157 9
182 162 11
182 167 19
182 174 8
182 176 6
182 T 9
183 7 11
183 25 6
183 27 9
183 28 18
183 31 7
183 39 8
183 41 12
183 43 6
183 46 5
183 59 7
183 64 5
183 73 10
183 76 7
183 79 6
183 87 10
183 91 13
183 93 7
183 97 5
183 99 16
183 108 11
183 112 19
183 115 1
183 141 17
183 144 15
183 145 17
183 146 15
183 149 1
183 156 3
183 177 7
183 189 9
183 T 6
184 6 2
184 13 8
184 21 1
184 22 14
184 24 8
184 26 13
184 28 19
184 30 15
184 32 9
184 34 9
184 37 14
184 39 2
184 42 14
184 48 4
184 54 8
184 59 3
184 69 12
184 73 12
184 75 17
184 82 19
184 90 8
184 91 8
184 95 1
184 104 11
184 108 20
184 117 2
184 135 14
184 142 12
184 143 14
184 152 19
184 157 13
184 162 20
184 165 5
184 166 14
184 168 9
184 169 10
184 182 2
184 185 3
185 1 6
185 4 16
185 6 8
185 9 14
185 11 1
185 12 20
185 14 18
185 19 17
185 20 19
185 22 4
185 24 14
185 28 18
185 30 7
185 32 5
185 33 17
185 34 16
185 38 9
185 45 7
185 47 13
185 58 11
185 69 8
185 77 3
185 81 1
185 92 3
185 94 10
185 100 9
185 104 17
185 112 5
185 125 12
185 129 4
185 131 16
185 132 2
185 139 1
185 143 6
185 151 10
185 161 19
185 164 6
185 167 18
185 169 1
185 174 11
185 183 5
185 186 11
185 187 16
185 189 19
186 4 4
186 12 7
186 13 9
186 15 8
186 18 6
186 23 1
186 26 8
186 31 11
186 37 8
186 39 17
186 40 9
186 44 1
186 51 7
186 52 20
186 55 17
186 60 15
186 65 5
186 85 2
186 87 13
186 88 4
186 95 20
186 97 15
186 103 6
186 105 14
186 106 20
186 112 3
186 114 19
186 115 20
186 116 8
186 124 10
186 126 15
186 128 16
186 131 8
186 132 5
186 134 18
186 144 20
186 147 19
186 148 3
186 153 8
186 172 11
186 185 4
186 189 19
187 2 2
187 3 17
187 15 12
187 17 7
187 28 19
187 31 19
187 41 15
187 43 18
187 48 11
187 49 12
187 52 8
187 54 16
187 57 16
187 63 8
187 65 14
187 81 12
187 83 3
187 86 5
187 90 18
187 94 13
187 103 17
187 107 11
187 110 17
187 114 15
187 115 20
187 117 17
187 118 19
187 119 13
187 129 3
187 131 1
187 136 3
187 137 9
187 141 20
187 142 12
187 147 11
187 156 12
187 157 14
187 165 16
187 166 20
187 173 18
187 183 17
187 T 3
188 3 13
188 6 17
188 7 9
188 12 4
188 16 9
188 17 15
188 23 20
188 25 20
188 26 14
188 27 10
188 41 10
188 47 19
188 48 15
188 56 1
188 59 8
188 75 3
188 77 19
188 80 6
188 88 8
188 90 11
188 94 19
188 96 5
188 106 15
188 107 16
188 110 1
188 111 15
188 113 3
188 121 16
188 126 6
188 130 17
188 137 5
188 139 13
188 142 1
188 143 15
188 149 6
188 156 4
188 159 11
188 162 17
188 190 9
189 1 13
189 3 12
189 8 19
189 10 1
189 16 4
189 18 15
189 20 8
189 21 5
189 27 17
189 28 20
189 29 1
189 41 13
189 42 4
189 51 7
189 65 2
189 80 6
189 103 17
189 105 14
189 106 2
189 107 5
189 113 1
189 118 15
189 119 9
189 121 17
189 124 4
189 125 20
189 130 5
189 136 16
189 139 8
189 141 19
189 147 7
189 163 4
189 169 5
189 170 15
189 172 16
189 182 11
190 4 15
190 7 16
190 9 16
190 10 7
190 17 4
190 28 17
190 29 6
190 32 10
190 33 16
190 35 15
190 40 6
190 44 20
190 45 5
190 47 3
190 61 3
190 63 14
190 68 5
190 70 16
190 77 9
190 87 8
190 92 16
190 96 16
190 102 16
190 115 15
190 118 4
190 126 1
190 127 3
190 129 7
190 135 4
190 149 13
190 155 16
190 160 13
190 161 11
190 173 8
190 179 10
190 180 4
190 188 9
