725
2258
1 2525 1562
2 1789 1366
3 1949 1321
4 1729 2200
5 1291 3324
6 2503 1758
7 1829 1387
8 2811 2974
9 1916 1554
10 2629 1545
11 2578 2613
12 2316 1945
13 1677 1063
14 2025 2057
15 2193 1572
16 2104 3111
17 2216 1046
18 2527 2174
19 2493 1269
20 2100 2898
21 2691 1309
22 1771 2288
23 2548 1937
24 2632 1537
25 2892 3236
26 1569 1476
27 1994 2341
28 1517 2752
29 1663 1907
30 1892 1116
31 1833 1107
32 1063 2953
33 1774 2484
34 1407 1274
35 2536 1249
36 1983 2604
37 2457 1184
38 1329 2392
39 2310 1681
40 1700 2047
41 2202 2216
42 2744 1811
43 2161 1801
44 1651 2386
45 1952 1688
46 1925 1400
47 2178 2566
48 1373 2089
49 2045 2068
50 753 1865
51 1700 2273
52 1726 1666
53 1719 1990
54 957 988
55 1546 1939
56 1088 1579
57 2448 1565
58 1888 1485
59 1651 1439
60 1178 2419
61 2375 2383
62 2517 2753
63 3003 2096
64 2571 2304
65 1776 2066
66 1378 2642
67 1541 1373
68 2580 2111
69 1220 2801
70 2035 2645
71 1809 3210
72 1906 1473
73 1137 2420
74 2192 1269
75 2522 2533
76 2855 1348
77 2563 1848
78 1896 2629
79 2029 2622
80 2284 1024
81 2177 1992
82 1563 1736
83 1685 1677
84 2023 1064
85 2991 2408
86 1553 1743
87 1961 2417
88 2412 1822
89 1880 2120
90 2470 1717
91 1766 1825
92 1473 2442
93 2564 2118
94 1746 879
95 2074 1540
96 2517 2056
97 1851 833
98 1670 2951
99 2497 2674
100 1602 1283
101 2404 3212
102 3221 2494
103 2703 1022
104 1655 1899
105 2135 1797
106 1916 2012
107 2098 1288
108 1810 1891
109 1890 2152
110 2180 2491
111 2743 2682
112 2546 2179
113 1901 1697
114 1465 1298
115 2158 2985
116 1881 1788
117 1568 2069
118 2791 1625
119 2738 2321
120 2957 2228
121 2668 1798
122 1947 1508
123 2304 1311
124 1578 1705
125 1076 2291
126 1393 1341
127 1589 2328
128 1699 2480
129 1449 1704
130 2111 2178
131 2085 1675
132 2522 1745
133 2285 1733
134 1035 2070
135 1466 2343
136 2732 2018
137 1773 1194
138 1995 2527
139 2692 1788
140 2048 1674
141 1495 1592
142 2305 2224
143 1584 2799
144 2493 1870
145 1931 1593
146 2667 2757
147 1408 1776
148 2274 949
149 1005 1682
150 1609 2317
151 1156 1578
152 2996 1632
153 1287 2321
154 2071 1571
155 2081 1696
156 2143 1896
157 2622 2830
158 2867 1259
159 2079 2414
160 2158 1155
161 1335 1670
162 2276 1211
163 1317 1464
164 2546 1675
165 1174 3124
166 3178 1844
167 1407 2054
168 2253 1558
169 2007 2114
170 1315 2434
171 1546 900
172 1212 2263
173 2326 898
174 1501 1454
175 1729 2231
176 2500 1268
177 2088 2549
178 2437 1169
179 1676 2369
180 1182 2556
181 2365 1289
182 1970 2983
183 1267 2065
184 1867 1844
185 1835 2319
186 1705 2143
187 1672 1574
188 2207 2914
189 2840 2225
190 2619 1244
191 1893 2435
192 1243 1378
193 1675 2712
194 2077 1847
195 1788 2563
196 2113 2146
197 2008 775
198 2094 2053
199 2355 1516
200 1732 2341
201 2173 2582
202 1966 1988
203 1551 2001
204 1746 2007
205 1754 2940
206 1303 2204
207 2493 1923
208 1327 2325
209 1788 2302
210 3120 2261
211 1958 1573
212 1954 2069
213 790 1986
214 1645 1742
215 3333 1635
216 1381 823
217 2065 1051
218 1680 2020
219 2035 2793
220 2966 1602
221 2042 1959
222 2006 1649
223 2296 1242
224 1891 3034
225 1555 1522
226 2544 1785
227 2058 2434
228 1448 3031
229 2168 1270
230 1448 1029
231 2109 2110
232 2235 1542
233 2011 2198
234 1959 1696
235 1794 1908
236 2263 2252
237 1868 2347
238 1129 1948
239 2155 1339
240 2625 2259
241 923 1960
242 2224 1898
243 2624 2236
244 1419 2274
245 2138 2683
246 2030 2137
247 2084 2360
248 2668 1326
249 1618 3226
250 3129 1674
251 3074 2742
252 2334 898
253 3036 2376
254 1878 2204
255 2238 1543
256 2129 2263
257 1254 1062
258 2619 2295
259 2343 2350
260 1551 2075
261 1032 1659
262 2167 2049
263 1922 1350
264 1603 1928
265 2326 2923
266 2203 1419
267 1960 2797
268 954 2405
269 2306 2421
270 1902 1450
271 1466 2728
272 2679 2508
273 2881 2059
274 1872 2098
275 1988 2026
276 2069 1653
277 1602 2892
278 2416 2614
279 2396 2884
280 1625 2236
281 2246 1661
282 1650 1792
283 1913 1633
284 2062 1494
285 2435 2171
286 2546 1152
287 2238 2042
288 2083 1384
289 1662 1248
290 1751 2778
291 2779 1661
292 2339 2234
293 1778 1888
294 2030 1928
295 1935 1687
296 1204 1487
297 1806 1990
298 1237 2200
299 2555 1876
300 2961 1873
301 1548 3562
302 1275 2143
303 2619 1151
304 2894 2320
305 1635 1857
306 2639 1495
307 2218 1913
308 1135 1813
309 1575 993
310 2229 1977
311 1067 2073
312 1408 1989
313 1389 1990
314 2094 2895
315 3194 2216
316 3126 2517
317 2076 1568
318 2616 1603
319 1990 1692
320 1893 2413
321 2503 1053
322 2103 2794
323 1398 2802
324 2014 2350
325 1734 2389
326 2135 2753
327 1226 2739
328 1784 2374
329 1529 2822
330 2383 2248
331 2705 1406
332 2409 2631
333 2590 3083
334 1585 1368
335 2086 2291
336 2040 1025
337 3558 1934
338 2627 2338
339 1679 1319
340 2609 1536
341 1682 2080
342 2137 1384
343 2152 2603
344 1439 1888
345 1997 1750
346 2484 1820
347 1272 2730
348 1696 2016
349 1823 1794
350 2570 1927
351 1601 2480
352 3063 1643
353 1934 1844
354 1693 2958
355 519 2086
356 1816 1521
357 1812 2147
358 1328 1203
359 2014 3005
360 2110 2313
361 2352 1027
362 2279 2184
363 1548 2104
364 2883 1659
365 1932 2147
366 2144 1551
367 1739 2714
368 1209 1510
369 2465 2995
370 1345 1873
371 2503 2819
372 1492 2598
373 2673 534
374 2347 2800
375 2637 2319
376 3120 1598
377 2833 2308
378 1930 1541
379 2472 2285
380 928 1794
381 2357 2830
382 1308 1609
383 2321 2064
384 1946 2644
385 1478 1545
386 1858 1254
387 1825 1266
388 2471 2416
389 2071 2056
390 1477 1982
391 2689 2417
392 2809 2526
393 2656 2000
394 1689 858
395 1031 2001
396 2905 2180
397 685 1901
398 861 1812
399 1353 2953
400 2177 2478
401 1615 1010
402 1576 3008
403 1982 2521
404 1685 1640
405 1881 2448
406 2369 1925
407 2652 2680
408 2631 2117
409 2151 2029
410 2329 2707
411 1554 1460
412 2734 1993
413 1752 2191
414 1121 2282
415 2381 1527
416 1989 1893
417 2067 2328
418 1863 1061
419 2801 1612
420 1556 1237
421 1893 1942
422 2404 2405
423 1685 1611
424 2903 2525
425 3101 2222
426 2128 1535
427 1539 2058
428 1694 3041
429 1750 1424
430 2470 1707
431 1945 1230
432 1746 2318
433 1584 2658
434 1960 1994
435 1040 2683
436 1772 2695
437 1524 2632
438 1464 1609
439 1357 2447
440 1756 1881
441 826 2831
442 2073 1541
443 1849 1372
444 1775 2068
445 2084 1182
446 2506 2020
447 2312 2393
448 2246 1494
449 2822 2726
450 2904 2191
451 2120 1584
452 2441 1580
453 2690 1028
454 2545 2478
455 2573 1719
456 1561 3658
457 2365 2447
458 1552 1382
459 2055 1862
460 2344 2433
461 2660 2659
462 1070 1154
463 2123 1083
464 915 1648
465 1269 2296
466 1770 1483
467 1513 2143
468 1545 1600
469 2156 2600
470 2305 2197
471 2369 1740
472 1286 2521
473 1943 1938
474 853 2984
475 2031 1281
476 1861 2067
477 1519 2033
478 2680 1348
479 1704 1682
480 1648 1581
481 2107 2395
482 2020 1616
483 1411 1892
484 2292 1628
485 1661 1927
486 1277 2222
487 1806 1472
488 1719 3155
489 1666 1386
490 2080 2047
491 2161 1471
492 2510 2060
493 2093 2396
494 1410 774
495 755 2491
496 1050 2173
497 1541 1577
498 2064 1600
499 1777 3051
500 2475 2351
501 2650 1476
502 2254 3218
503 759 1837
504 2605 1528
505 2252 1760
506 2786 1762
507 1698 1921
508 1998 2237
509 2465 2263
510 2480 2063
511 2770 1925
512 2351 2616
513 893 2067
514 1070 2118
515 1983 1915
516 1278 2634
517 2070 2355
518 2447 1503
519 2592 2419
520 2235 2005
521 1658 2510
522 2231 1590
523 2642 2431
524 2417 2683
525 1519 2320
526 1098 1408
527 1919 1916
528 2097 2168
529 1698 2213
530 2088 1934
531 1508 1669
532 1916 1438
533 2214 2797
534 2223 2267
535 2192 1885
536 895 2706
537 1718 2387
538 1777 1451
539 2221 1398
540 2758 2934
541 2302 1879
542 1883 1807
543 2152 1609
544 1359 2316
545 1923 2092
546 1455 1888
547 1034 2850
548 2411 1915
549 2019 2460
550 1567 1789
551 3383 2104
552 2061 1685
553 2649 1796
554 2813 2076
555 1590 2837
556 1266 1985
557 1980 2409
558 2001 2195
559 1244 1801
560 1892 1635
561 2210 2389
562 1832 2203
563 2273 1494
564 1557 2839
565 2008 2653
566 1253 1983
567 2406 1950
568 1786 1645
569 1792 2864
570 2807 1947
571 3263 1826
572 2610 2512
573 2402 1464
574 1654 2515
575 2388 2279
576 1731 2134
577 2384 1555
578 2855 1964
579 2678 2571
580 1810 1486
581 2762 2651
582 1700 1669
583 2239 1929
584 2212 1510
585 1261 2495
586 1903 2117
587 3603 1893
588 2294 1764
589 2358 1849
590 1978 2628
591 1392 1753
592 2130 1795
593 847 2892
594 2199 1437
595 2360 2599
596 2018 3153
597 1653 1241
598 1591 1455
599 1646 2690
600 1867 2003
601 1463 2613
602 2777 1240
603 1072 1938
604 2128 1614
605 2000 1285
606 1481 2113
607 1811 1512
608 1614 1790
609 2006 1424
610 2390 1755
611 2475 2178
612 913 2497
613 2605 1467
614 1818 2635
615 1979 2544
616 1887 2606
617 1430 2457
618 2534 2487
619 1222 1534
620 2204 1288
621 1292 2192
622 2103 1862
623 1868 2052
624 1972 2398
625 2306 2738
626 867 2100
627 1486 2985
628 1849 2237
629 2172 1977
630 1609 1771
631 2146 1944
632 2592 1697
633 1554 1950
634 1831 2293
635 1788 1753
636 2194 2216
637 1638 2644
638 1476 1381
639 2618 1976
640 2507 1584
641 2431 2516
642 2197 1668
643 1619 2114
644 1134 858
645 2185 1949
646 1711 1276
647 1626 2555
648 2076 2267
649 1241 2279
650 2105 1758
651 1651 2156
652 1776 897
653 1929 1645
654 1901 2079
655 1081 2506
656 2279 1991
657 2084 1690
658 1832 1574
659 2465 1772
660 2853 2543
661 3074 1666
662 2307 2914
663 1187 1420
664 1989 2783
665 2263 1762
666 2288 1357
667 2346 2208
668 1710 1182
669 1200 2471
670 2151 1664
671 1841 2114
672 1368 2140
673 1869 1879
674 2291 2208
675 1945 1835
676 1201 2409
677 1929 3156
678 2200 1917
679 1323 1595
680 1625 1570
681 676 2571
682 1546 2780
683 2791 1807
684 1654 1666
685 1577 2038
686 1785 2392
687 2754 2379
688 1550 1680
689 1819 1604
690 2129 2331
691 2443 1565
692 2373 2491
693 1466 2224
694 2706 2196
695 2127 2136
696 2143 1743
697 1993 1976
698 2560 808
699 2193 2818
700 2541 2194
701 1883 3038
702 1440 1541
703 2002 2981
704 2236 1876
705 2539 1604
706 2465 2175
707 831 2100
708 1319 1680
709 1754 1739
710 2222 1706
711 2883 944
712 2415 2233
713 2686 1566
714 1781 1743
715 1361 1140
716 1291 1831
717 1516 2249
718 1874 1877
719 1680 1770
720 2171 2608
721 2365 3105
722 2441 2039
723 1730 1788
724 2311 1578
725 2355 1958
726 2260 2375
727 2554 1381
728 1437 1595
729 1655 2556
730 1378 1796
731 3014 1713
732 1704 1574
733 1468 1123
734 1024 2677
735 1518 2260
736 2219 1982
737 2000 1820
738 2313 1488
739 2378 1404
740 1490 1979
741 1412 962
742 2493 1525
743 2000 1399
744 1288 2851
745 1523 2491
746 2164 1911
747 1032 2142
748 2439 2514
749 2081 1654
750 2046 2071
751 2134 1824
752 2506 2135
753 1555 1462
754 2042 1087
755 1952 2251
756 1586 1212
757 2078 1759
758 1770 1956
759 2819 1939
760 873 1427
761 2082 1739
762 1812 1976
763 1953 1213
764 2359 2025
765 1291 2318
766 2089 2349
767 2492 1988
768 2479 1796
769 1722 2206
770 1435 2757
771 1729 2387
772 2192 2333
773 1733 1490
774 2391 2683
775 2579 2366
776 2424 2623
777 857 1947
778 2293 1302
779 2210 1570
780 2049 2090
781 2550 1228
782 1859 1389
783 1691 1832
784 2397 2797
785 2342 2199
786 3286 1995
787 1425 2704
788 2596 2219
789 1769 2169
790 2075 667
791 1841 2523
792 1768 2430
793 1448 2465
794 3578 2033
795 2339 2265
796 1321 2518
797 1106 1644
798 2263 1998
799 1321 1747
800 3354 2094
801 1615 981
802 1878 2698
803 1481 2542
804 1596 2055
805 2705 2318
806 2264 1952
807 1963 1613
808 1721 2369
809 1799 1592
810 2342 1592
811 2401 1921
812 1351 2623
813 2516 2151
814 2516 2077
815 2469 2199
816 2868 1542
817 2327 2172
818 1737 2685
819 706 2290
820 1391 2091
821 2346 1838
822 2540 2399
823 2880 2539
824 1481 1680
825 1441 1270
826 2280 2323
827 922 2197
828 1937 2183
829 2519 2636
830 3026 1954
831 1509 2787
832 1678 1536
833 1772 1804
834 2780 2214
835 2526 1731
836 2561 2631
837 2646 1591
838 2182 2414
839 2169 1696
840 2325 1238
841 2868 2749
842 1717 2180
843 2844 2502
844 1755 2090
845 1845 2029
846 2257 2163
847 2298 2130
848 2007 1913
849 1181 1983
850 2156 2693
851 1992 1776
852 965 2171
853 1563 2544
854 2598 2541
855 1884 1250
856 1961 1635
857 1584 2493
858 2355 1253
859 2144 2394
860 2102 1422
861 1282 2894
862 1766 1442
863 1033 2049
864 1947 1682
865 2419 2850
866 1950 2516
867 2754 2131
868 2927 1936
869 1428 1491
870 2294 1676
871 2138 1255
872 2175 2321
873 2323 2093
874 1772 2207
875 2328 2625
876 1586 2569
877 2496 1566
878 2205 1378
879 2087 2942
880 3056 1773
881 2791 2533
882 2173 1426
883 1828 2024
884 2071 1728
885 1971 1996
886 2356 3109
887 2549 1984
888 2128 2262
889 2034 1158
890 1781 1696
891 2070 2027
892 2851 2766
893 1720 1889
894 1607 1925
895 1502 2977
896 1436 1985
897 1618 2637
898 1194 2293
899 1447 2721
900 3001 1727
901 2282 966
902 1800 2066
903 2992 2548
904 2602 1646
905 2216 1076
906 2697 1912
907 1895 2461
908 2433 2811
909 2745 810
910 1543 2774
911 1609 3103
912 1092 1845
913 1904 2373
914 798 2052
915 1635 1779
916 1794 1670
917 2589 2966
918 1654 3377
919 2404 2216
920 2494 1897
921 2911 1281
922 2605 2602
923 1338 2651
924 1675 1686
925 2394 2409
926 1288 1807
927 2606 2968
928 1689 2206
929 2663 2321
930 2331 2363
931 2151 1465
932 1425 1207
933 3028 1674
934 2404 1672
935 2214 2984
936 1273 1531
937 2078 1227
938 1231 2116
939 1782 1413
940 2552 2784
941 2775 1828
942 2700 1055
943 1674 1479
944 916 2244
945 2952 2278
946 1733 2501
947 1991 2201
948 2023 2062
949 2183 2430
950 1777 1936
951 2549 981
952 2013 1499
953 1832 1641
954 2113 2866
955 2327 1962
956 2273 2484
957 2233 1640
958 3075 2052
959 1867 1704
960 2324 1991
961 2140 1937
962 1137 1622
963 1644 2160
964 2877 2533
965 1289 3074
966 2125 1961
967 2435 2098
968 2068 1148
969 2086 1621
970 1435 2077
971 1144 2630
972 2436 1279
973 1950 1159
974 1846 922
975 3043 1945
976 2479 1720
977 2295 2275
978 2080 3050
979 3000 2465
980 2630 2307
981 1948 3125
982 2825 1758
983 2863 1573
984 2472 1842
985 2845 1345
986 1818 1755
987 1720 2833
988 2688 2018
989 2588 1239
990 1777 2803
991 1765 2291
992 2067 2052
993 2003 1982
994 1329 2190
995 2034 2206
996 1977 1271
997 2052 1794
998 1804 1567
999 1580 2181
1000 1450 2495
1001 2193 1774
1002 2696 1839
1003 2470 1605
1004 1567 2049
1005 2613 868
1006 1499 2923
1007 1628 1938
1008 1671 1954
1009 1739 2725
1010 2346 2235
1011 1808 1315
1012 1873 1009
1013 2796 2670
1014 1897 1044
1015 1298 1811
1016 2494 2262
1017 2235 2357
1018 1802 2495
1019 1573 1286
1020 1962 1230
1021 1647 2275
1022 1934 1852
1023 1719 1738
1024 2708 1269
1025 1713 1801
1026 2492 2353
1027 2422 2176
1028 2045 2005
1029 1740 2999
1030 2173 1565
1031 2129 2157
1032 2432 2441
1033 2034 1686
1034 1676 2550
1035 1978 2835
1036 1768 1880
1037 2795 1878
1038 1960 2470
1039 2615 1762
1040 1669 2840
1041 1497 1732
1042 1803 3012
1043 2414 2401
1044 1314 1869
1045 1740 1825
1046 2289 1338
1047 2706 1484
1048 2417 2229
1049 2547 1802
1050 1278 3033
1051 2225 2357
1052 1421 1633
1053 3081 1134
1054 2110 2331
1055 2771 1680
1056 1688 2507
1057 948 2005
1058 2587 1930
1059 2401 1775
1060 1163 2583
1061 1560 1400
1062 2453 1852
1063 1801 1923
1064 2078 2508
1065 2325 1796
1066 1834 1934
1067 1914 1615
1068 2534 3339
1069 2170 1625
1070 1252 2069
1071 1351 1965
1072 630 1834
1073 2408 979
1074 1815 1576
1075 2433 2255
1076 3170 2232
1077 1214 2136
1078 2535 1652
1079 1833 2477
1080 2156 2751
1081 1945 2544
1082 2419 1473
1083 2527 2013
1084 1757 2263
1085 2153 2658
1086 2687 2762
1087 1687 2696
1088 2025 1631
1089 1405 1540
1090 1539 3149
1091 2004 1530
1092 1851 1368
1093 2099 1586
1094 1928 2246
1095 1306 2449
1096 1341 1970
1097 2362 2568
1098 1391 1486
1099 2172 2515
1100 2436 2552
1101 450 1407
1102 1989 1175
1103 1744 2975
1104 2070 3097
1105 1682 2331
1106 1979 2323
1107 1382 2392
1108 1917 2619
1109 1402 1246
1110 1576 2059
1111 1325 1592
1112 2063 1891
1113 2003 1681
1114 2448 2435
1115 1905 1718
1116 2227 1768
1117 1274 2339
1118 2322 2131
1119 2637 1978
1120 1912 1555
1121 1811 2156
1122 2012 1833
1123 2001 1595
1124 1977 2711
1125 1821 1892
1126 1687 2134
1127 1914 2244
1128 1626 2156
1129 1838 2025
1130 1553 2465
1131 2422 2923
1132 2024 1824
1133 1696 1299
1134 2052 1672
1135 1299 1983
1136 2135 2350
1137 2045 1726
1138 1871 1612
1139 1658 1942
1140 2856 1734
1141 2527 2874
1142 1476 2157
1143 2185 1987
1144 2085 2544
1145 2905 947
1146 1780 1488
1147 2288 1728
1148 1641 1551
1149 2054 1128
1150 1903 1863
1151 2435 2082
1152 2571 969
1153 1754 1274
1154 2278 1402
1155 1851 1437
1156 2287 2417
1157 2410 1825
1158 1273 2755
1159 2175 2554
1160 3101 1962
1161 1872 1688
1162 1301 2153
1163 2150 2391
1164 2332 1991
1165 2246 2565
1166 2298 1281
1167 1130 1466
1168 3020 1925
1169 2172 1963
1170 1666 1155
1171 1821 1093
1172 2621 2529
1173 2419 2199
1174 1164 1703
1175 2403 1709
1176 1620 2472
1177 1678 2705
1178 2248 1796
1179 1672 1850
1180 2920 2122
1181 2073 1859
1182 2400 2366
1183 1843 1710
1184 1488 1271
1185 1565 1463
1186 1935 2623
1187 916 2286
1188 1236 1657
1189 1478 2158
1190 2731 1522
1191 1658 1686
1192 1647 2402
1193 2410 1609
1194 1439 2150
1195 2180 1846
1196 1769 1854
1197 2205 1915
1198 1570 2230
1199 2121 2291
1200 1672 1443
1201 2349 1840
1202 1724 2015
1203 1850 1560
1204 1577 1649
1205 966 1372
1206 1527 2422
1207 1184 1483
1208 1496 3141
1209 1881 2261
1210 1405 1803
1211 2310 1748
1212 2033 2504
1213 2181 1887
1214 838 2055
1215 2176 2409
1216 2085 2292
1217 1316 1992
1218 2099 1386
1219 1929 1560
1220 1858 1826
1221 2107 2094
1222 2226 2214
1223 2378 1042
1224 1969 2659
1225 1185 1576
1226 2315 1331
1227 2603 1602
1228 1716 1698
1229 2304 2412
1230 1956 2272
1231 2177 1960
1232 2501 1998
1233 1586 2494
1234 2538 2231
1235 1697 1335
1236 1800 1855
1237 2062 1698
1238 2400 1994
1239 2452 2257
1240 3184 2141
1241 1957 1737
1242 1793 2120
1243 1778 1765
1244 1782 2026
1245 2517 1975
1246 1837 2418
1247 1904 1751
1248 2218 1752
1249 2338 1379
1250 2527 2172
1251 2887 2545
1252 2317 1970
1253 2758 1559
1254 2911 1070
1255 2101 1786
1256 1473 2073
1257 1073 1535
1258 2321 2183
1259 2923 2073
1260 1103 1385
1261 2063 2093
1262 1906 2341
1263 1360 1342
1264 1756 2496
1265 1433 3096
1266 1212 2048
1267 1748 2472
1268 2572 2892
1269 1993 1553
1270 2166 1224
1271 1994 2647
1272 2802 1981
1273 1725 1820
1274 2142 2334
1275 2081 2376
1276 2836 2552
1277 1641 2943
1278 2065 2172
1279 2165 2562
1280 1899 2797
1281 1731 1533
1282 1861 3039
1283 2627 2201
1284 1175 2716
1285 2362 2232
1286 2166 1658
1287 2806 758
1288 2832 1815
1289 1643 1636
1290 807 2958
1291 2187 2889
1292 2015 1216
1293 2155 1848
1294 1428 2811
1295 1778 2362
1296 1795 937
1297 1304 1690
1298 1974 1226
1299 2023 1749
1300 1045 2753
1301 1739 2115
1302 2774 2347
1303 2429 1757
1304 2308 2179
1305 2139 2320
1306 2039 1360
1307 2650 1914
1308 2876 2297
1309 1500 1680
1310 2105 2306
1311 2591 1875
1312 2180 1958
1313 2549 1385
1314 1451 2325
1315 2215 1140
1316 2267 1826
1317 1633 2655
1318 1884 1510
1319 1513 2042
1320 2060 2502
1321 1884 1494
1322 3009 1681
1323 2298 2520
1324 765 2388
1325 2577 1287
1326 2672 2423
1327 1617 2747
1328 2010 2729
1329 1498 2063
1330 2931 1420
1331 1798 2729
1332 1997 2025
1333 2895 1536
1334 2437 2275
1335 2507 1537
1336 835 2020
1337 626 1390
1338 1324 2858
1339 1741 983
1340 849 1002
1341 2085 1875
1342 2290 2258
1343 2183 2554
1344 2414 2302
1345 2426 2124
1346 1830 1605
1347 1148 548
1348 2084 1473
1349 1259 2084
1350 1897 2278
1351 1891 2444
1352 2750 2568
1353 1766 2781
1354 1716 1516
1355 3081 1737
1356 1616 1908
1357 1247 581
1358 2205 2986
1359 2644 1903
1360 2275 2974
1361 1917 2129
1362 1581 2119
1363 1730 1397
1364 1379 1992
1365 1994 1428
1366 1668 1736
1367 1979 1357
1368 1893 2869
1369 1307 1727
1370 2253 1640
1371 1762 2326
1372 1487 2471
1373 1996 1727
1374 1436 2847
1375 2006 2950
1376 2657 1607
1377 2384 1597
1378 1401 1623
1379 2073 2032
1380 1948 2270
1381 1436 2680
1382 2735 2072
1383 2509 1484
1384 2972 1518
1385 1880 1807
1386 1925 2835
1387 1945 1196
1388 932 1985
1389 1608 1826
1390 1820 963
1391 2388 2361
1392 2310 3003
1393 1912 2830
1394 2255 2541
1395 2712 2278
1396 1332 1864
1397 2147 1203
1398 2653 2245
1399 3097 1618
1400 1844 2962
1401 2175 1693
1402 2231 1911
1403 1657 2814
1404 1960 2058
1405 2939 1993
1406 2899 2335
1407 2677 1497
1408 2386 2442
1409 1910 1894
1410 2249 1777
1411 1319 2342
1412 2432 931
1413 1342 1712
1414 2235 1858
1415 1888 1635
1416 2326 1678
1417 2863 1174
1418 2015 1538
1419 340 1684
1420 2587 1850
1421 2284 1971
1422 879 2094
1423 1915 2521
1424 2573 2571
1425 2238 1550
1426 1354 2404
1427 1964 1572
1428 1823 1599
1429 2082 2352
1430 1182 2697
1431 1298 1976
1432 812 1682
1433 2027 2433
1434 2269 2517
1435 2061 1754
1436 2773 1950
1437 1295 2468
1438 980 1903
1439 1838 2743
1440 2682 1689
1441 1716 2318
1442 3009 2349
1443 2442 2165
1444 2589 1960
1445 3259 2945
1446 1542 2193
1447 1230 1870
1448 2310 2510
1449 2527 2794
1450 3030 1826
1451 1744 1544
1452 1894 1783
1453 2322 2319
1454 1766 1811
1455 1900 1289
1456 2108 1546
1457 2645 1124
1458 2049 2762
1459 1966 1378
1460 1832 2430
1461 1875 2371
1462 3315 2395
1463 2362 2109
1464 2847 2552
1465 2056 1494
1466 2852 1928
1467 1962 1445
1468 1208 2407
1469 3037 2901
1470 2524 2064
1471 913 1679
1472 1568 2127
1473 1372 1577
1474 2887 1932
1475 2290 1829
1476 2656 2329
1477 2390 2315
1478 2018 1790
1479 2484 2449
1480 2050 2656
1481 1274 1673
1482 2168 2523
1483 2137 2060
1484 1292 1684
1485 1321 2665
1486 602 1994
1487 1293 1645
1488 2233 1811
1489 1910 2532
1490 2675 2066
1491 1797 1741
1492 1324 2777
1493 1001 2207
1494 2312 1084
1495 1775 1826
1496 1624 1572
1497 2440 3181
1498 2261 1900
1499 1752 2041
1500 1990 2425
1501 1910 2202
1502 2939 3284
1503 2626 1983
1504 2097 2137
1505 1647 1422
1506 1896 2175
1507 1090 1864
1508 2422 2164
1509 1715 1605
1510 2773 1287
1511 2654 1603
1512 1728 2075
1513 2572 1976
1514 1831 2168
1515 1904 1655
1516 2276 2052
1517 1550 879
1518 907 1858
1519 1451 1740
1520 2336 2370
1521 1613 2054
1522 2269 2330
1523 2323 1651
1524 1440 1044
1525 2146 2620
1526 2733 1791
1527 1629 2293
1528 1437 1361
1529 1535 1692
1530 2393 1950
1531 2104 2142
1532 2473 1623
1533 1497 1937
1534 3036 1924
1535 2054 1165
1536 1627 1504
1537 1426 1689
1538 957 2282
1539 1800 2748
1540 2794 1454
1541 1242 1877
1542 1456 2944
1543 2596 1568
1544 1760 1712
1545 1156 2426
1546 2214 2231
1547 1622 1777
1548 1372 2586
1549 2415 2317
1550 1922 1868
1551 2420 1606
1552 2448 1435
1553 2296 2349
1554 1521 2110
1555 1683 1515
1556 1529 2809
1557 2294 2166
1558 2662 1373
1559 1896 2601
1560 2105 2052
1561 1975 2017
1562 2101 1767
1563 1632 1771
1564 2375 1661
1565 2481 2127
1566 2265 1069
1567 2640 2525
1568 2028 1624
1569 1946 1830
1570 929 1467
1571 3066 2450
1572 2205 2228
1573 1776 1811
1574 2574 2296
1575 2285 2322
1576 2236 2233
1577 1570 2213
1578 3004 3281
1579 2714 2559
1580 1597 1970
1581 1105 1747
1582 1867 1267
1583 2579 1717
1584 2781 1514
1585 913 2385
1586 2305 2267
1587 1437 2511
1588 2273 1435
1589 2124 2351
1590 2114 2944
1591 1265 1710
1592 1884 1856
1593 661 1242
1594 2535 2043
1595 1779 3018
1596 2209 2000
1597 1193 2119
1598 1620 2068
1599 1717 2778
1600 1813 1770
1601 1331 2116
1602 2446 2178
1603 2370 1871
1604 3554 2189
1605 2133 1452
1606 2007 2173
1607 1443 879
1608 2278 2581
1609 1869 2914
1610 2008 1464
1611 2097 1724
1612 2718 1864
1613 2099 2420
1614 1970 1413
1615 2211 1847
1616 1070 2722
1617 2060 2063
1618 1433 3122
1619 1692 1525
1620 2187 1951
1621 2248 1934
1622 2115 2642
1623 2123 2482
1624 1440 1961
1625 2111 2992
1626 1652 2160
1627 1514 1181
1628 2023 1531
1629 1843 2282
1630 830 2151
1631 2356 2745
1632 1839 901
1633 1370 2110
1634 2152 1260
1635 3078 2676
1636 1758 2667
1637 2182 2378
1638 2585 3075
1639 1786 2567
1640 1575 1614
1641 2387 1162
1642 1617 1602
1643 2285 1552
1644 662 1826
1645 1480 1679
1646 1591 2395
1647 2446 3014
1648 1350 1656
1649 991 1426
1650 1861 1740
1651 1467 2075
1652 1435 1513
1653 2165 2842
1654 1216 2112
1655 2002 1897
1656 1550 1676
1657 3012 1599
1658 1669 1478
1659 1293 1723
1660 1919 1924
1661 2150 1736
1662 2053 1860
1663 1943 1916
1664 2254 2878
1665 1690 2282
1666 2759 2493
1667 2132 3014
1668 1710 1352
1669 2367 2021
1670 2361 2052
1671 2947 1043
1672 1708 1175
1673 2408 1788
1674 3018 2792
1675 2323 2588
1676 2230 1892
1677 1954 1012
1678 1697 1983
1679 1608 1938
1680 2758 2355
1681 2541 1298
1682 2559 2436
1683 1322 2973
1684 3168 2349
1685 1369 3180
1686 1637 1498
1687 2260 2652
1688 3129 1647
1689 1290 1863
1690 2053 2041
1691 2494 2008
1692 2872 2002
1693 1560 2215
1694 2197 1856
1695 2045 1677
1696 1798 1081
1697 3161 2380
1698 1945 2527
1699 1924 2506
1700 2099 1703
1701 2364 1238
1702 338 1357
1703 2319 2560
1704 1522 2238
1705 1474 1870
1706 1095 1629
1707 1484 2928
1708 2380 2304
1709 1830 697
1710 1209 1851
1711 1799 2059
1712 1838 1510
1713 2217 2065
1714 1730 2383
1715 1158 2337
1716 1485 2292
1717 2238 2235
1718 1797 1875
1719 2137 2537
1720 2074 2529
1721 1599 2053
1722 2311 1047
1723 1910 2651
1724 641 2371
1725 1961 2486
1726 2225 2566
1727 1560 1386
1728 1717 1050
1729 2741 1635
1730 2083 1907
1731 1261 2023
1732 1883 1432
1733 2071 1849
1734 1434 2522
1735 2689 2123
1736 2596 1809
1737 1012 3342
1738 1508 1782
1739 3276 1835
1740 2394 2013
1741 1995 1858
1742 2389 1627
1743 1845 1336
1744 1862 2553
1745 2477 2314
1746 2766 2295
1747 1596 1108
1748 3244 2189
1749 1046 2121
1750 2422 2532
1751 2063 2594
1752 2666 1350
1753 2216 1781
1754 1361 2239
1755 2244 1969
1756 2225 1928
1757 2151 1828
1758 1510 1184
1759 978 2159
1760 2014 2247
1761 1184 2922
1762 1890 2295
1763 1581 2490
1764 1618 2120
1765 3203 2974
1766 559 1298
1767 2162 1527
1768 1644 3423
1769 2460 2173
1770 1432 1774
1771 2524 1445
1772 2216 1294
1773 2362 1450
1774 1654 1477
1775 1479 2300
1776 2062 1309
1777 2059 1777
1778 2117 1766
1779 1751 2484
1780 1994 2578
1781 1226 1697
1782 2102 2304
1783 1454 1469
1784 2858 2155
1785 2947 1385
1786 2808 2843
1787 1869 1714
1788 2728 1837
1789 2301 2667
1790 2580 1779
1791 1919 2453
1792 1934 2311
1793 1483 3034
1794 2032 3029
1795 1655 2190
1796 1849 3228
1797 1468 1940
1798 2804 2549
1799 1328 2295
1800 2374 2633
1801 1755 1814
1802 2292 2153
1803 2166 2527
1804 1874 1843
1805 1267 2047
1806 1696 1833
1807 1558 2768
1808 1416 2218
1809 1516 1463
1810 1657 2421
1811 2452 1548
1812 2114 841
1813 1682 2163
1814 1095 2384
1815 1351 2367
1816 1836 1912
1817 2630 1876
1818 1780 2614
1819 1798 1662
1820 2424 1400
1821 2083 2003
1822 2571 2391
1823 1531 1472
1824 1809 541
1825 2350 1566
1826 2276 1762
1827 2031 2375
1828 2531 2922
1829 2030 1100
1830 1763 2347
1831 2401 913
1832 2050 1919
1833 2122 1606
1834 2027 1607
1835 2725 1844
1836 1621 1346
1837 2373 2450
1838 1515 2313
1839 1829 1535
1840 2349 1759
1841 1950 2416
1842 2088 2744
1843 1847 1205
1844 1596 1199
1845 987 2100
1846 1973 2941
1847 1268 2123
1848 2538 2652
1849 2327 1433
1850 2453 2064
1851 2350 1241
1852 1260 2644
1853 2178 2758
1854 1147 1219
1855 2049 1794
1856 2146 2854
1857 1761 1409
1858 1316 2182
1859 2272 1714
1860 1024 1461
1861 2558 717
1862 2169 2598
1863 2817 2122
1864 1817 1972
1865 2097 1730
1866 2107 1581
1867 1564 2324
1868 1950 2715
1869 2382 1729
1870 2266 2511
1871 2283 1334
1872 1517 1797
1873 1672 2616
1874 1979 2514
1875 2187 1544
1876 1270 1705
1877 1882 1807
1878 2090 1990
1879 2927 1717
1880 2047 467
1881 1814 2127
1882 2765 1707
1883 2009 1930
1884 2392 2521
1885 2264 2376
1886 1433 1458
1887 2049 2845
1888 1751 2823
1889 2344 2026
1890 1966 2645
1891 2291 2569
1892 1545 2250
1893 1573 2247
1894 2448 1399
1895 1292 3495
1896 1091 1098
1897 2751 1338
1898 716 1933
1899 1801 1037
1900 2565 2925
1901 2565 1824
1902 1736 2076
1903 2712 2086
1904 2620 1978
1905 1455 1361
1906 2447 2060
1907 1956 1781
1908 1293 1659
1909 2182 1360
1910 1773 1106
1911 1969 2259
1912 2341 2179
1913 1172 1925
1914 1287 2057
1915 1723 1380
1916 2457 1608
1917 1645 1940
1918 2546 1128
1919 1902 2307
1920 2949 2845
1921 2091 2353
1922 2668 2162
1923 1101 1521
1924 2513 1939
1925 1259 1247
1926 2008 1784
1927 1194 1138
1928 2667 2594
1929 2143 981
1930 1744 2799
1931 1824 1449
1932 1237 1229
1933 1456 1695
1934 2993 2643
1935 1915 1918
1936 1939 2769
1937 2485 1729
1938 1796 2546
1939 2480 1790
1940 1767 2654
1941 2422 2201
1942 1686 1870
1943 2469 2142
1944 2065 2833
1945 2600 2122
1946 2033 1436
1947 2336 1954
1948 2356 2433
1949 1308 2474
1950 1446 1339
1951 2472 2069
1952 1226 1819
1953 2060 2006
1954 1297 2688
1955 2547 2194
1956 2340 2452
1957 933 1706
1958 2872 1726
1959 1596 1745
1960 1283 1753
1961 2239 1286
1962 1225 1783
1963 1603 1301
1964 1380 2400
1965 1845 1879
1966 2323 826
1967 1440 1147
1968 1911 2066
1969 955 2255
1970 1829 2008
1971 2569 1378
1972 2046 1333
1973 1402 2073
1974 2259 2008
1975 1474 2304
1976 1725 2337
1977 1923 2727
1978 1276 1386
1979 1661 2063
1980 2948 2585
1981 2092 1729
1982 2055 2333
1983 2194 1779
1984 2798 2210
1985 2652 2187
1986 2212 2054
1987 2173 2817
1988 1700 1658
1989 1891 1763
1990 2120 1730
1991 1887 2143
1992 2544 1597
1993 2213 1719
1994 1691 985
1995 1291 1759
1996 1997 2124
1997 2676 2697
1998 2934 1282
1999 1665 2367
2000 2125 1920
2001 1345 2077
2002 1751 2199
2003 1950 1957
2004 1815 2029
2005 1533 1604
2006 2294 1562
2007 2377 2433
2008 1373 2761
2009 1215 1830
2010 2059 1264
2011 2476 1986
2012 1949 2103
2013 2210 1686
2014 1731 1608
2015 2573 2078
2016 1563 2846
2017 2902 1667
2018 1451 2127
2019 1512 3153
2020 1944 1989
2021 2127 2557
2022 2315 1428
2023 2055 2632
2024 2025 1544
2025 2170 2189
2026 1687 2169
2027 1558 2275
2028 1282 2460
2029 2780 1741
2030 1995 2471
2031 1358 2500
2032 1377 1885
2033 1939 2101
2034 3018 2173
2035 1699 2317
2036 1449 2073
2037 3061 1601
2038 2512 1540
2039 1379 2195
2040 2198 2672
2041 3080 1374
2042 996 1078
2043 1575 1462
2044 1083 1690
2045 1695 1574
2046 2261 1647
2047 1927 2044
2048 2051 2120
2049 2885 3198
2050 2128 2364
2051 1899 2602
2052 1899 1965
2053 913 2363
2054 1867 1830
2055 2878 1078
2056 2409 3006
2057 1694 3221
2058 2247 1811
2059 1541 2119
2060 1593 2177
2061 1223 2268
2062 1060 2114
2063 2215 2617
2064 1478 972
2065 1504 2645
2066 1612 1763
2067 2020 1389
2068 2078 1975
2069 2380 1231
2070 2266 2414
2071 1557 2241
2072 2928 1173
2073 1650 1710
2074 2581 1993
2075 2677 2794
2076 2054 1874
2077 2213 2048
2078 2566 1676
2079 2046 1640
2080 1393 1308
2081 2478 2247
2082 1937 2177
2083 1868 2026
2084 1620 1993
2085 1975 1811
2086 2299 1323
2087 1276 1696
2088 1568 2084
2089 2321 2695
2090 1777 2117
2091 2821 2552
2092 1764 2244
2093 1730 2241
2094 1059 1329
2095 1950 2691
2096 1870 2443
2097 2295 1973
2098 1975 2167
2099 2622 3092
2100 1671 1479
2101 2357 1897
2102 2035 1203
2103 1754 796
2104 1850 2314
2105 2387 1563
2106 2322 3084
2107 1709 2089
2108 2640 2903
2109 2791 2047
2110 1956 1353
2111 2482 2231
2112 2080 1747
2113 2089 1582
2114 1816 2066
2115 1648 2846
2116 2261 1448
2117 2596 2656
2118 1343 1896
2119 1532 1280
2120 1505 2504
2121 1935 1691
2122 1617 3186
2123 1998 1848
2124 2120 2182
2125 1527 2114
2126 1762 1526
2127 2703 2080
2128 1842 1616
2129 1875 2575
2130 2040 2094
2131 1785 1369
2132 1805 2422
2133 2621 1816
2134 1679 2164
2135 3257 1230
2136 1523 1838
2137 1630 1925
2138 1550 1769
2139 1601 1415
2140 1623 1249
2141 3134 2204
2142 2752 2324
2143 2111 2761
2144 1429 2523
2145 2217 1387
2146 2986 1315
2147 2044 1817
2148 2140 1533
2149 1975 2420
2150 2494 2411
2151 2375 1187
2152 2353 2698
2153 2840 661
2154 2647 2284
2155 1317 881
2156 1506 1854
2157 1648 1403
2158 2165 2068
2159 2710 732
2160 3032 1797
2161 1980 1476
2162 1816 906
2163 1394 1411
2164 2065 1653
2165 1685 2242
2166 784 1445
2167 1970 2151
2168 1122 1862
2169 2401 2406
2170 1473 1224
2171 3172 2058
2172 955 1123
2173 3045 2634
2174 1873 2383
2175 1526 1526
2176 1391 1346
2177 1775 1612
2178 2536 1847
2179 2092 1836
2180 1352 2251
2181 1703 2372
2182 2326 713
2183 2096 1707
2184 1523 2029
2185 1537 1782
2186 1729 2667
2187 1929 1953
2188 1929 3153
2189 2980 727
2190 1969 2096
2191 2393 2969
2192 1143 833
2193 2149 2473
2194 2174 2968
2195 1026 1967
2196 1994 1650
2197 1583 1115
2198 2772 2736
2199 2720 1186
2200 2224 1959
2201 1057 2122
2202 1694 1749
2203 1404 2533
2204 1380 925
2205 1255 2469
2206 1610 1802
2207 958 1978
2208 1680 2325
2209 2811 2215
2210 1974 1632
2211 1016 2493
2212 2631 1998
2213 1672 2195
2214 1489 1944
2215 1736 1819
2216 1622 2099
2217 1512 2184
2218 2986 1708
2219 2452 2552
2220 1945 2242
2221 2214 1909
2222 1633 1578
2223 2673 2720
2224 2215 1019
2225 1946 3390
2226 1884 487
2227 2833 1598
2228 2373 1966
2229 1961 2346
2230 2127 2045
2231 1247 2138
2232 2641 2545
2233 1259 1965
2234 1854 2749
2235 2270 2059
2236 3239 2135
2237 2282 1928
2238 2084 1540
2239 890 1611
2240 581 2488
2241 2143 2608
2242 3219 2939
2243 2137 1667
2244 2419 2245
2245 1603 2651
2246 2635 2612
2247 2896 2252
2248 2399 2898
2249 1967 1191
2250 2291 1010
2251 2406 2194
2252 1889 1647
2253 2345 1298
2254 3196 2064
2255 1599 2207
2256 1670 1400
2257 1531 1206
2258 2559 3145
