700
2000
1 439 1539
2 1324 1134
3 331 599
4 900 305
5 743 641
6 1183 593
7 877 765
8 1259 1361
9 1759 1165
10 1547 1218
11 1463 1191
12 1258 1099
13 1422 1156
14 624 548
15 1506 767
16 1101 1343
17 513 369
18 501 770
19 871 1625
20 1370 1630
21 1179 1259
22 1085 356
23 1087 761
24 1653 898
25 911 512
26 1461 1148
27 401 1087
28 652 1149
29 1904 294
30 254 1493
31 1498 370
32 1002 555
33 1426 1675
34 769 1444
35 1224 1070
36 617 1038
37 463 1894
38 972 1056
39 1213 642
40 867 1531
41 574 1330
42 749 1020
43 969 976
44 496 1346
45 1185 1614
46 733 1270
47 599 1600
48 635 899
49 1370 153
50 1206 1144
51 692 951
52 1853 1106
53 1649 905
54 536 1419
55 1130 1338
56 770 1776
57 544 1159
58 1145 1366
59 1399 842
60 868 769
61 1014 985
62 496 957
63 901 1090
64 1413 938
65 1683 979
66 1857 784
67 1348 1358
68 1474 1479
69 490 1662
70 600 335
71 982 657
72 1275 817
73 1611 747
74 1136 493
75 1217 294
76 1422 1189
77 78 1078
78 1766 1320
79 321 892
80 1102 1731
81 1675 1726
82 1255 820
83 1403 1550
84 1607 664
85 1006 954
86 459 453
87 164 276
88 979 1267
89 1418 1559
90 1016 649
91 1242 1725
92 814 1450
93 1560 1455
94 1388 230
95 894 1156
96 1876 1117
97 1262 1146
98 1017 1511
99 990 919
100 1746 438
101 1378 1276
102 1128 1063
103 1232 1130
104 1120 1030
105 849 1520
106 953 1079
107 1360 753
108 916 1121
109 1127 1441
110 1112 1065
111 1264 666
112 1338 1739
113 826 1772
114 1096 1013
115 1290 1584
116 1316 772
117 1539 421
118 1239 1412
119 867 1464
120 1406 1022
121 1136 280
122 792 956
123 961 993
124 1700 1207
125 1261 877
126 926 993
127 1079 233
128 1155 1108
129 1504 373
130 1030 1777
131 555 684
132 801 338
133 1137 1565
134 942 1284
135 1140 479
136 1251 1739
137 1585 662
138 1256 1441
139 1484 261
140 100 690
141 605 1116
142 1801 1264
143 763 1086
144 127 809
145 1085 640
146 1051 1378
147 648 701
148 643 705
149 1869 1034
150 931 838
151 1130 1191
152 1936 741
153 959 493
154 428 906
155 1365 840
156 55 1338
157 1743 797
158 1315 374
159 966 744
160 454 844
161 1225 729
162 870 314
163 1385 1469
164 652 808
165 1041 1411
166 789 603
167 1690 1457
168 342 1248
169 1469 344
170 920 1255
171 1110 384
172 296 859
173 450 1202
174 995 1385
175 1080 752
176 1444 940
177 1612 788
178 1337 1043
179 497 1137
180 1288 1497
181 1642 568
182 876 1183
183 386 1048
184 646 303
185 1635 1488
186 1185 683
187 989 246
188 1894 622
189 371 865
190 1428 1169
191 424 360
192 751 1423
193 1067 1271
194 1427 874
195 1003 1177
196 930 853
197 1325 340
198 913 845
199 1238 921
200 801 560
201 1119 1121
202 1230 1260
203 1100 911
204 965 1299
205 389 996
206 1056 580
207 825 881
208 1740 740
209 913 1570
210 1718 952
211 818 492
212 707 881
213 822 861
214 412 979
215 1113 1450
216 1148 1331
217 1005 881
218 1384 607
219 1031 260
220 1051 1236
221 1452 81
222 549 1082
223 1260 1541
224 1210 808
225 1690 1020
226 1505 968
227 1469 1065
228 986 1105
229 767 1156
230 666 374
231 1013 1109
232 687 695
233 659 1750
234 707 839
235 422 1327
236 663 1390
237 791 1291
238 804 1034
239 1057 1031
240 778 964
241 1256 804
242 1068 238
243 1050 987
244 1180 82
245 232 901
246 1534 1880
247 511 854
248 520 1178
249 1187 1139
250 1082 1017
251 587 1394
252 908 1326
253 569 439
254 476 1127
255 1655 558
256 443 1309
257 1554 993
258 1338 1232
259 555 1276
260 620 1034
261 653 766
262 1408 681
263 1025 1248
264 1267 1211
265 1622 822
266 1500 781
267 915 1179
268 736 1206
269 1108 1509
270 1153 560
271 1526 602
272 739 1001
273 717 289
274 651 604
275 1689 1278
276 1204 967
277 1444 1657
278 1341 851
279 739 1199
280 1259 1093
281 1165 1335
282 1109 931
283 837 1187
284 594 833
285 1139 1053
286 904 819
287 1404 474
288 672 1351
289 1812 994
290 527 572
291 1403 492
292 1301 712
293 283 1653
294 1154 620
295 57 756
296 1505 289
297 1217 982
298 1006 286
299 1711 1407
300 936 950
301 551 1171
302 807 471
303 911 1404
304 227 1694
305 1394 114
306 824 800
307 1096 871
308 1121 375
309 1137 916
310 651 924
311 724 874
312 990 278
313 958 924
314 1447 1345
315 1033 607
316 862 279
317 794 1093
318 1437 939
319 998 1008
320 1451 1984
321 479 773
322 580 1807
323 1386 712
324 782 1146
325 1317 785
326 1000 1190
327 397 917
328 1242 980
329 961 673
330 825 1011
331 1349 177
332 1340 1407
333 808 799
334 1349 1014
335 678 1590
336 1358 1020
337 712 1398
338 979 1618
339 490 861
340 1366 1149
341 989 889
342 1399 1157
343 1112 1807
344 679 803
345 1164 1109
346 910 1525
347 1036 609
348 927 950
349 333 1222
350 1045 322
351 1111 1449
352 1088 648
353 686 1241
354 1042 701
355 1143 1633
356 128 954
357 1181 831
358 1077 1357
359 163 1504
360 487 929
361 920 1673
362 272 1337
363 1871 593
364 1489 910
365 953 1139
366 1822 1254
367 552 622
368 1820 435
369 264 938
370 1033 915
371 396 799
372 1070 1871
373 1619 788
374 1153 1267
375 1448 1258
376 991 517
377 580 908
378 934 1092
379 814 1204
380 1849 1357
381 1223 858
382 1341 453
383 766 1428
384 627 1026
385 905 510
386 1331 497
387 985 640
388 693 161
389 569 692
390 1033 386
391 891 344
392 771 782
393 1423 331
394 1032 539
395 585 1140
396 977 978
397 706 55
398 1481 1289
399 914 780
400 1351 1153
401 777 998
402 950 930
403 1174 1061
404 769 203
405 878 852
406 1422 868
407 1086 228
408 1556 1172
409 1033 959
410 690 1544
411 1077 1460
412 603 1318
413 1749 710
414 424 1637
415 454 261
416 1029 853
417 1487 776
418 758 1696
419 963 1357
420 1121 673
421 1915 1494
422 881 1159
423 884 865
424 1148 901
425 1374 247
426 414 1357
427 1088 869
428 1680 1602
429 1429 797
430 793 1109
431 413 1283
432 1098 1057
433 1386 671
434 1250 745
435 1102 986
436 967 1148
437 766 866
438 1914 1122
439 771 1559
440 1141 1265
441 977 1520
442 1705 1006
443 1074 61
444 1246 757
445 1535 1850
446 1564 789
447 1071 1257
448 945 1431
449 1227 365
450 235 1408
451 965 458
452 766 680
453 817 1274
454 1658 1172
455 1754 708
456 428 770
457 663 836
458 1099 944
459 481 1409
460 1720 603
461 778 995
462 975 1152
463 1052 640
464 240 258
465 1505 1375
466 358 936
467 1078 695
468 1682 1232
469 848 677
470 1726 1118
471 309 385
472 1670 876
473 1096 1156
474 1365 1197
475 677 1766
476 1291 1306
477 826 1022
478 1019 1664
479 486 890
480 1004 567
481 1009 888
482 746 253
483 432 1046
484 396 1323
485 1345 698
486 868 173
487 824 916
488 820 565
489 1707 615
490 1628 922
491 1827 337
492 424 638
493 1904 372
494 1843 1282
495 870 133
496 622 245
497 336 1284
498 945 1686
499 1267 1411
500 1136 391
501 1646 1156
502 268 698
503 973 387
504 1715 645
505 1313 1626
506 1779 968
507 1220 594
508 1065 903
509 1054 534
510 409 877
511 401 1020
512 416 1435
513 707 813
514 1586 1842
515 1265 1203
516 1209 423
517 262 384
518 582 1512
519 924 1232
520 1041 964
521 279 1259
522 379 562
523 1713 307
524 992 350
525 529 946
526 1003 1728
527 502 834
528 263 1172
529 1574 841
530 667 149
531 1530 1050
532 880 1402
533 820 1255
534 206 591
535 682 824
536 694 1233
537 670 1335
538 1035 666
539 1423 619
540 96 713
541 646 296
542 564 1110
543 871 547
544 562 123
545 1498 1505
546 1152 738
547 343 874
548 1648 1229
549 1253 1489
550 466 638
551 1762 1759
552 1740 1661
553 1728 1135
554 769 744
555 706 1186
556 1460 1284
557 1243 1521
558 763 749
559 679 510
560 1007 1031
561 1075 1296
562 1165 322
563 1354 1113
564 1027 190
565 347 762
566 1342 1007
567 1487 957
568 1897 1857
569 434 334
570 528 1476
571 1362 720
572 1053 726
573 1414 1333
574 1744 1072
575 1518 643
576 1502 1379
577 978 578
578 1337 1755
579 430 1206
580 706 607
581 796 1530
582 615 1873
583 359 1799
584 1589 941
585 1340 915
586 883 1390
587 1061 592
588 1035 965
589 1415 1629
590 46 574
591 795 1219
592 605 643
593 1073 834
594 1009 538
595 1199 722
596 1311 1250
597 1485 863
598 516 1864
599 955 1303
600 1288 1336
601 490 148
602 1222 1741
603 862 777
604 1031 1280
605 298 819
606 1327 1138
607 1493 303
608 1947 1132
609 38 799
610 843 47
611 1334 753
612 1042 1309
613 1720 812
614 1069 1343
615 1518 892
616 1253 364
617 924 860
618 1489 1510
619 1598 1032
620 1333 730
621 1020 1117
622 434 1572
623 881 550
624 869 1192
625 764 988
626 1306 280
627 1020 646
628 1004 285
629 790 1567
630 304 1261
631 1444 189
632 856 1513
633 1502 1187
634 1518 939
635 1093 714
636 1298 1121
637 1644 1365
638 1786 737
639 896 427
640 1380 401
641 989 910
642 1475 1690
643 1360 1130
644 855 1439
645 281 788
646 804 1149
647 1353 1788
648 560 985
649 1208 1199
650 757 1104
651 486 690
652 1215 836
653 1600 1734
654 758 1226
655 688 1060
656 906 1184
657 1642 1944
658 778 1601
659 228 854
660 1331 1195
661 1647 594
662 803 1078
663 701 1718
664 956 478
665 938 1131
666 1606 1073
667 1188 1139
668 935 517
669 917 494
670 990 1142
671 880 1754
672 1100 1105
673 889 1003
674 856 605
675 944 384
676 791 726
677 1410 818
678 1681 802
679 345 1203
680 323 1206
681 890 197
682 1579 930
683 988 1000
684 522 563
685 1147 1277
686 800 1314
687 922 1172
688 194 814
689 1266 910
690 1498 685
691 1238 404
692 796 1185
693 699 1243
694 441 1689
695 1416 692
696 361 1115
697 196 978
698 494 1319
699 934 1758
700 883 1026
701 1283 947
702 896 1309
703 527 609
704 1066 759
705 899 954
706 1288 654
707 675 1080
708 482 1312
709 873 878
710 1392 713
711 631 469
712 1338 136
713 1381 1249
714 1029 1611
715 704 854
716 1153 1231
717 1209 1173
718 562 1133
719 1398 643
720 1178 1875
721 1514 1484
722 230 779
723 738 1181
724 1127 984
725 990 1138
726 1107 977
727 709 1673
728 387 238
729 1396 756
730 1242 1250
731 1221 881
732 783 1629
733 648 1227
734 359 819
735 895 344
736 260 1703
737 1007 1001
738 1720 1391
739 1565 1791
740 741 1210
741 464 183
742 163 990
743 1803 1163
744 1273 1575
745 1100 1164
746 979 614
747 1380 1071
748 970 1482
749 1326 1116
750 570 1428
751 1327 1547
752 646 683
753 1396 1161
754 841 931
755 908 904
756 819 746
757 769 1425
758 797 1232
759 1146 1087
760 812 589
761 667 1223
762 729 1666
763 247 720
764 1114 850
765 1916 1559
766 1700 1373
767 724 725
768 909 1946
769 469 1384
770 1040 1099
771 686 546
772 784 896
773 956 1059
774 1145 1735
775 971 682
776 1106 1165
777 689 1253
778 1336 803
779 347 690
780 1455 1199
781 906 1350
782 1377 1218
783 1021 477
784 475 1187
785 1330 1896
786 1715 1100
787 928 829
788 959 773
789 1261 259
790 1024 1095
791 874 1030
792 1774 1225
793 1196 1203
794 1623 1054
795 1597 504
796 596 950
797 732 1087
798 1291 1308
799 608 679
800 812 626
801 776 1734
802 804 786
803 1441 966
804 646 1785
805 1412 837
806 761 1634
807 1317 135
808 1127 1135
809 1769 1398
810 678 1105
811 1644 388
812 1005 908
813 1112 979
814 360 1414
815 848 1106
816 827 1218
817 373 1088
818 1306 801
819 407 1426
820 671 529
821 1301 1100
822 1013 1038
823 1576 1218
824 453 1560
825 1689 1060
826 1109 1614
827 1460 1539
828 1095 1201
829 1282 1248
830 1208 1063
831 966 1435
832 957 879
833 544 429
834 1101 447
835 358 680
836 613 753
837 979 1426
838 1020 1067
839 1154 1055
840 544 1668
841 960 966
842 668 1116
843 1801 1630
844 1362 1339
845 946 1189
846 1371 530
847 1457 882
848 729 1786
849 285 1559
850 84 880
851 1653 1169
852 610 675
853 1840 1573
854 1207 1011
855 1618 726
856 1017 840
857 1526 1319
858 1014 1040
859 730 1664
860 1156 862
861 1475 674
862 1024 951
863 1321 1495
864 336 413
865 1319 815
866 1352 922
867 175 948
868 950 949
869 1409 968
870 1354 731
871 1198 733
872 1128 249
873 1262 782
874 902 794
875 1103 859
876 1350 854
877 1406 1768
878 1057 249
879 490 257
880 915 461
881 817 1004
882 1632 1770
883 1058 624
884 607 790
885 868 972
886 1067 1288
887 971 344
888 664 407
889 1258 938
890 677 1308
891 379 1601
892 911 1240
893 441 572
894 468 1201
895 931 1197
896 1060 590
897 930 1777
898 804 792
899 1761 1193
900 1590 1340
901 1457 1115
902 1185 1398
903 1195 1225
904 583 1192
905 1655 669
906 549 1216
907 1333 795
908 1064 1190
909 1118 1543
910 1045 286
911 1272 1339
912 403 1209
913 494 1437
914 1294 649
915 1279 1149
916 1956 1048
917 285 741
918 1054 1123
919 998 690
920 1474 915
921 1382 1902
922 404 518
923 1575 1037
924 1334 1117
925 1072 734
926 1287 1667
927 1233 1227
928 765 771
929 726 957
930 1203 836
931 1374 1081
932 960 1163
933 655 665
934 1135 970
935 941 894
936 732 1228
937 1251 999
938 710 541
939 1090 1067
940 791 802
941 1844 802
942 1639 751
943 986 1188
944 770 1433
945 1051 1137
946 819 1137
947 997 534
948 540 963
949 1107 1124
950 1427 583
951 1144 1303
952 816 569
953 1279 476
954 1235 1040
955 1307 1234
956 1772 1257
957 669 738
958 241 852
959 336 474
960 1523 356
961 744 841
962 1257 1291
963 794 838
964 848 1321
965 325 563
966 574 1057
967 1185 1309
968 862 1283
969 298 436
970 1433 1647
971 1391 1271
972 1636 883
973 1357 1269
974 1244 349
975 1593 1388
976 833 579
977 321 1343
978 1725 647
979 1307 856
980 394 562
981 710 1688
982 1287 962
983 264 1354
984 1360 1684
985 504 355
986 796 370
987 1762 1792
988 614 1357
989 817 88
990 780 346
991 644 678
992 1343 346
993 1254 1922
994 1347 286
995 1328 549
996 989 489
997 1022 1055
998 924 867
999 1053 698
1000 1870 609
1001 1058 808
1002 276 695
1003 434 986
1004 787 1120
1005 1228 637
1006 1254 992
1007 1073 928
1008 914 1078
1009 1022 549
1010 1307 1510
1011 944 1612
1012 757 1670
1013 1123 310
1014 1389 796
1015 449 1663
1016 829 1378
1017 289 1115
1018 361 1263
1019 1494 1115
1020 519 1070
1021 1089 865
1022 741 1023
1023 1154 452
1024 1487 1183
1025 1866 549
1026 768 681
1027 1675 939
1028 1198 649
1029 897 1800
1030 1272 521
1031 855 1419
1032 1668 705
1033 218 777
1034 1019 603
1035 1228 579
1036 827 686
1037 656 1840
1038 697 895
1039 1476 1075
1040 151 679
1041 630 1212
1042 1510 674
1043 1051 1579
1044 696 953
1045 1298 1631
1046 823 1453
1047 533 1526
1048 347 1124
1049 1512 1115
1050 1178 1247
1051 1066 1548
1052 1194 1180
1053 427 1523
1054 861 591
1055 788 897
1056 866 998
1057 1426 485
1058 1205 1685
1059 1292 1091
1060 980 1195
1061 706 1452
1062 961 926
1063 1010 1383
1064 631 592
1065 836 1452
1066 1069 380
1067 1509 437
1068 1790 475
1069 1233 299
1070 337 1169
1071 249 1827
1072 1414 302
1073 1693 361
1074 1143 1663
1075 669 462
1076 1455 1315
1077 1373 1365
1078 680 875
1079 424 1587
1080 1190 465
1081 832 775
1082 682 391
1083 711 272
1084 584 762
1085 1144 988
1086 750 539
1087 798 1220
1088 1319 967
1089 724 1410
1090 1647 701
1091 699 608
1092 582 603
1093 1029 981
1094 1081 991
1095 941 1621
1096 1383 1036
1097 788 1017
1098 626 1447
1099 697 1230
1100 1088 659
1101 1009 403
1102 556 458
1103 1200 684
1104 1603 307
1105 155 962
1106 1146 361
1107 1089 1041
1108 1030 512
1109 1172 744
1110 548 726
1111 794 1263
1112 927 740
1113 791 580
1114 562 875
1115 1137 1095
1116 913 1365
1117 682 1523
1118 920 548
1119 1422 537
1120 960 1574
1121 1188 1227
1122 183 617
1123 776 713
1124 824 1045
1125 1510 879
1126 1373 1672
1127 1203 519
1128 978 918
1129 614 1356
1130 846 1737
1131 1003 1649
1132 851 158
1133 970 696
1134 1321 1050
1135 1132 1142
1136 754 282
1137 1342 1853
1138 1743 1464
1139 805 927
1140 712 1237
1141 1031 635
1142 1338 1386
1143 964 855
1144 1306 1101
1145 1356 990
1146 1498 830
1147 1144 1640
1148 406 1703
1149 859 438
1150 998 1389
1151 102 1410
1152 811 449
1153 895 1005
1154 1408 1356
1155 773 1203
1156 1230 751
1157 399 627
1158 1436 1037
1159 1193 1574
1160 1361 563
1161 477 1466
1162 1731 1581
1163 1150 1662
1164 1685 1125
1165 182 851
1166 823 591
1167 446 1376
1168 1365 1210
1169 1018 722
1170 619 1029
1171 1455 769
1172 1352 942
1173 1181 1882
1174 880 189
1175 890 1197
1176 1180 1359
1177 920 848
1178 1258 633
1179 1041 116
1180 432 761
1181 971 470
1182 1008 938
1183 1708 703
1184 1043 994
1185 1259 725
1186 913 1224
1187 1417 1468
1188 1110 722
1189 1543 962
1190 653 1679
1191 788 1406
1192 678 1220
1193 391 504
1194 934 814
1195 1544 232
1196 952 1098
1197 1572 982
1198 1080 1240
1199 244 1014
1200 1374 682
1201 1167 200
1202 1075 904
1203 1252 592
1204 299 1304
1205 940 1740
1206 471 980
1207 1225 1338
1208 1667 1582
1209 865 1433
1210 106 1678
1211 703 1456
1212 1064 1175
1213 1027 1654
1214 1732 1555
1215 676 1672
1216 1625 1341
1217 1284 1318
1218 770 1113
1219 1286 1105
1220 974 1848
1221 986 1514
1222 326 1076
1223 1166 1330
1224 369 1656
1225 1229 580
1226 1194 369
1227 726 1288
1228 746 1939
1229 835 656
1230 1613 422
1231 1542 302
1232 1825 1113
1233 655 231
1234 1413 1336
1235 1083 758
1236 951 1509
1237 1101 1246
1238 552 1245
1239 1327 1105
1240 1072 854
1241 743 957
1242 721 1643
1243 1125 418
1244 1225 542
1245 781 1397
1246 515 1220
1247 1041 1789
1248 878 502
1249 1104 1146
1250 1338 656
1251 452 1183
1252 1137 133
1253 628 1561
1254 812 841
1255 797 632
1256 651 1176
1257 988 941
1258 1076 1761
1259 1267 606
1260 435 674
1261 486 1243
1262 1081 1186
1263 784 1742
1264 1349 269
1265 1264 1405
1266 838 359
1267 908 1157
1268 1172 1729
1269 1330 966
1270 248 614
1271 841 1161
1272 1780 1214
1273 858 316
1274 1243 666
1275 1073 1270
1276 956 1091
1277 939 1281
1278 611 1444
1279 699 1455
1280 1045 900
1281 1125 890
1282 670 642
1283 1401 1193
1284 1113 683
1285 1567 648
1286 713 1441
1287 1425 1843
1288 1637 922
1289 1793 1492
1290 860 353
1291 1407 974
1292 540 870
1293 836 1342
1294 932 775
1295 254 792
1296 1728 1030
1297 568 1229
1298 1714 837
1299 410 898
1300 800 1286
1301 806 1471
1302 1180 418
1303 821 1450
1304 882 1865
1305 1187 607
1306 1572 1122
1307 438 1177
1308 907 361
1309 1606 1454
1310 1668 911
1311 1369 1059
1312 1245 1488
1313 1188 701
1314 1296 825
1315 1483 1429
1316 99 707
1317 895 1583
1318 1506 1041
1319 481 682
1320 1500 1311
1321 1107 883
1322 1029 253
1323 534 1112
1324 914 786
1325 602 1453
1326 931 1377
1327 1127 773
1328 1192 494
1329 555 1049
1330 890 884
1331 713 398
1332 1372 1257
1333 1210 541
1334 1421 561
1335 870 1240
1336 1374 1243
1337 1026 660
1338 1656 1016
1339 854 1108
1340 1673 992
1341 1443 1774
1342 1279 320
1343 319 1115
1344 486 1362
1345 1101 578
1346 992 489
1347 676 873
1348 641 620
1349 219 988
1350 554 986
1351 1217 759
1352 1245 1372
1353 246 1307
1354 992 1595
1355 1712 1463
1356 579 700
1357 1078 742
1358 1491 1039
1359 246 822
1360 1383 1679
1361 895 733
1362 1466 1253
1363 1284 1094
1364 1431 1104
1365 930 1420
1366 1404 1066
1367 190 875
1368 819 1633
1369 608 817
1370 1148 959
1371 1261 874
1372 1034 934
1373 1291 1410
1374 538 1212
1375 1040 901
1376 847 1426
1377 1643 527
1378 1822 1001
1379 1616 154
1380 1771 854
1381 1138 726
1382 898 535
1383 505 892
1384 565 1262
1385 1697 596
1386 1143 994
1387 678 1064
1388 1161 1252
1389 1056 1548
1390 1103 274
1391 1062 874
1392 918 1794
1393 1187 179
1394 638 215
1395 1338 565
1396 1368 1404
1397 1196 644
1398 1055 1044
1399 1410 1381
1400 1474 811
1401 817 466
1402 990 1190
1403 994 294
1404 1014 498
1405 1626 1469
1406 801 405
1407 941 1131
1408 781 716
1409 1555 874
1410 495 912
1411 587 1294
1412 1849 337
1413 224 1313
1414 1053 1015
1415 152 1348
1416 1044 1164
1417 762 1795
1418 459 1424
1419 582 748
1420 899 1349
1421 192 880
1422 1422 613
1423 1218 1574
1424 679 514
1425 431 1645
1426 1402 525
1427 1665 1316
1428 902 593
1429 1393 1750
1430 1179 1032
1431 1067 1195
1432 856 370
1433 1001 561
1434 1170 1331
1435 742 1018
1436 539 576
1437 973 1191
1438 827 1153
1439 1069 1236
1440 964 608
1441 866 697
1442 683 1451
1443 44 1553
1444 160 1175
1445 1458 1472
1446 1204 693
1447 1056 868
1448 219 1843
1449 1084 771
1450 1190 1719
1451 1148 493
1452 1448 1382
1453 1558 1228
1454 1386 1472
1455 1093 1141
1456 787 1252
1457 329 1734
1458 884 1147
1459 835 689
1460 949 1073
1461 1211 809
1462 532 894
1463 792 1646
1464 1353 1104
1465 86 1367
1466 1677 1047
1467 909 1419
1468 798 860
1469 598 686
1470 1771 1836
1471 1739 750
1472 1103 1574
1473 1081 195
1474 1379 777
1475 326 417
1476 1114 782
1477 583 1024
1478 1399 1094
1479 68 830
1480 1629 1406
1481 183 1320
1482 421 579
1483 1197 1413
1484 1784 1444
1485 1435 324
1486 668 303
1487 1253 144
1488 978 1630
1489 1327 735
1490 491 1069
1491 982 1462
1492 783 1070
1493 832 310
1494 1443 1151
1495 634 198
1496 1121 1107
1497 1384 1016
1498 1357 949
1499 1545 1461
1500 667 1387
1501 1538 1097
1502 1725 1394
1503 1262 947
1504 1147 732
1505 965 1428
1506 524 828
1507 474 622
1508 1747 1159
1509 776 105
1510 1115 575
1511 1381 949
1512 1030 481
1513 859 1312
1514 1116 1055
1515 263 809
1516 1202 444
1517 880 626
1518 1418 409
1519 1266 165
1520 1328 919
1521 864 733
1522 1253 1315
1523 1038 328
1524 803 659
1525 1414 1524
1526 1506 1497
1527 1383 1407
1528 1439 1220
1529 519 196
1530 1007 1159
1531 1024 1518
1532 679 1121
1533 748 863
1534 1945 464
1535 755 993
1536 871 1400
1537 838 475
1538 1278 870
1539 669 463
1540 1303 1028
1541 759 931
1542 818 608
1543 269 1845
1544 434 1301
1545 135 1176
1546 573 640
1547 293 1089
1548 1127 409
1549 1610 1566
1550 565 586
1551 801 838
1552 1013 433
1553 1484 1311
1554 276 1096
1555 547 1184
1556 341 1171
1557 1150 772
1558 1272 1357
1559 335 1240
1560 1617 663
1561 605 1026
1562 1638 1594
1563 1079 1232
1564 926 989
1565 1518 1423
1566 855 953
1567 406 905
1568 389 817
1569 1498 958
1570 1558 1747
1571 689 383
1572 426 1239
1573 806 1186
1574 1127 125
1575 1212 1512
1576 292 836
1577 507 1450
1578 664 770
1579 1790 1288
1580 522 1338
1581 1256 1290
1582 1385 1340
1583 792 973
1584 1067 910
1585 989 733
1586 748 508
1587 1501 526
1588 485 1647
1589 834 1269
1590 1156 722
1591 476 436
1592 1353 595
1593 1200 1646
1594 1410 999
1595 660 439
1596 351 532
1597 828 97
1598 1025 637
1599 1078 1407
1600 342 855
1601 909 1008
1602 1442 1201
1603 775 485
1604 980 1376
1605 450 482
1606 1095 175
1607 1092 859
1608 1516 940
1609 1346 664
1610 899 790
1611 1557 867
1612 1393 1739
1613 1030 746
1614 1502 1045
1615 637 954
1616 1009 645
1617 850 1114
1618 854 399
1619 1606 627
1620 1732 743
1621 1483 585
1622 978 701
1623 1041 1288
1624 818 863
1625 966 815
1626 760 545
1627 971 1351
1628 948 1481
1629 836 349
1630 1362 989
1631 692 1246
1632 765 1914
1633 651 1593
1634 513 805
1635 561 683
1636 1071 1085
1637 1183 718
1638 988 996
1639 1144 652
1640 1622 212
1641 1315 574
1642 1444 1019
1643 947 352
1644 641 518
1645 1303 1077
1646 1469 1072
1647 716 1285
1648 950 1132
1649 1213 707
1650 553 974
1651 766 1131
1652 932 1646
1653 1221 738
1654 438 1157
1655 1545 688
1656 1741 628
1657 1466 893
1658 1233 953
1659 742 1672
1660 1249 927
1661 730 923
1662 853 778
1663 712 1053
1664 988 1711
1665 933 1707
1666 1108 1561
1667 1234 1403
1668 980 1676
1669 1203 527
1670 918 1231
1671 1135 1162
1672 1008 619
1673 1307 1837
1674 892 1662
1675 1046 892
1676 1400 233
1677 517 124
1678 489 553
1679 1270 560
1680 537 1548
1681 1448 494
1682 1625 438
1683 1831 1611
1684 1289 294
1685 1502 1146
1686 500 1482
1687 1540 1200
1688 1251 154
1689 1942 734
1690 1096 1006
1691 1167 1114
1692 757 1568
1693 1487 686
1694 891 1031
1695 919 1451
1696 1090 1631
1697 1080 888
1698 1192 1682
1699 1059 1031
1700 1407 1141
1701 1225 1270
1702 1311 489
1703 1168 471
1704 842 251
1705 988 621
1706 1471 774
1707 1235 931
1708 1842 1125
1709 458 722
1710 1283 1415
1711 1624 670
1712 961 1202
1713 1364 438
1714 1159 997
1715 1064 418
1716 1094 1026
1717 1356 460
1718 394 1154
1719 1255 1085
1720 1527 1117
1721 1155 884
1722 1035 1249
1723 383 1482
1724 978 152
1725 1078 842
1726 1023 422
1727 1309 951
1728 1561 312
1729 679 1592
1730 1623 821
1731 994 1455
1732 108 1137
1733 781 649
1734 787 1150
1735 814 612
1736 1184 1104
1737 520 1548
1738 1575 1204
1739 1581 1087
1740 466 495
1741 1082 961
1742 1203 420
1743 1021 1741
1744 716 1389
1745 1562 653
1746 621 1385
1747 628 873
1748 1059 994
1749 987 361
1750 1408 1002
1751 917 1000
1752 651 1069
1753 556 1627
1754 836 1055
1755 1329 1847
1756 665 1461
1757 1077 185
1758 1113 1217
1759 1390 1310
1760 1069 507
1761 560 239
1762 932 1708
1763 901 1238
1764 1016 1338
1765 589 1175
1766 794 1188
1767 498 685
1768 1351 701
1769 1294 868
1770 1220 956
1771 956 1520
1772 892 1059
1773 1083 1128
1774 1649 977
1775 1102 227
1776 1134 1082
1777 160 1217
1778 1487 1361
1779 1521 540
1780 1398 1107
1781 940 748
1782 1518 560
1783 1349 223
1784 757 972
1785 1266 967
1786 749 1372
1787 281 1269
1788 1613 754
1789 1128 677
1790 566 1652
1791 1255 1757
1792 1262 738
1793 1903 1904
1794 652 1529
1795 883 922
1796 1006 111
1797 241 444
1798 122 929
1799 1215 1296
1800 701 670
1801 1617 1371
1802 1249 1690
1803 1697 1270
1804 695 393
1805 1801 714
1806 985 1180
1807 828 1170
1808 1121 1409
1809 1242 659
1810 417 1440
1811 794 438
1812 1048 1214
1813 469 1352
1814 1469 1368
1815 1346 598
1816 198 1025
1817 444 602
1818 1375 1573
1819 615 521
1820 475 1098
1821 1587 1825
1822 1302 369
1823 1502 1812
1824 907 1213
1825 547 1192
1826 1213 1026
1827 248 1333
1828 1602 1612
1829 333 1528
1830 1346 1026
1831 1793 416
1832 620 251
1833 542 926
1834 1193 1248
1835 613 1540
1836 639 366
1837 931 1218
1838 1153 673
1839 185 1759
1840 650 1047
1841 457 1397
1842 500 227
1843 269 1613
1844 1372 450
1845 1637 1416
1846 901 1812
1847 761 1297
1848 1178 857
1849 1252 1234
1850 913 562
1851 1493 1505
1852 1550 714
1853 1237 842
1854 824 1380
1855 507 1145
1856 888 654
1857 1371 864
1858 296 985
1859 503 1511
1860 683 805
1861 595 1240
1862 849 925
1863 880 933
1864 1552 876
1865 980 1533
1866 604 764
1867 481 1748
1868 1418 1041
1869 1016 861
1870 1257 978
1871 1117 686
1872 519 752
1873 1450 309
1874 1209 634
1875 716 1363
1876 782 931
1877 1553 1048
1878 442 620
1879 1655 1527
1880 1618 1060
1881 1206 548
1882 1355 669
1883 1188 891
1884 1017 1515
1885 592 614
1886 1048 672
1887 1101 1484
1888 1156 652
1889 718 822
1890 802 879
1891 443 782
1892 989 946
1893 1102 906
1894 1876 870
1895 357 924
1896 1273 956
1897 1105 1072
1898 399 630
1899 700 1455
1900 1295 1238
1901 974 592
1902 902 802
1903 1127 811
1904 945 724
1905 1079 1111
1906 1463 1546
1907 1226 1855
1908 1409 1650
1909 891 949
1910 891 1010
1911 1207 693
1912 1547 1218
1913 856 894
1914 1008 957
1915 1015 1086
1916 844 805
1917 346 990
1918 898 778
1919 1608 1403
1920 960 1080
1921 579 296
1922 745 1137
1923 805 523
1924 253 838
1925 266 1789
1926 1122 1492
1927 691 1687
1928 1229 1367
1929 996 1274
1930 82 1037
1931 620 1124
1932 1121 1045
1933 601 416
1934 992 436
1935 1313 837
1936 1594 1174
1937 443 1299
1938 997 967
1939 964 1445
1940 1105 1187
1941 662 735
1942 822 880
1943 674 775
1944 1402 1013
1945 335 279
1946 1876 1855
1947 1103 658
1948 967 1287
1949 1022 1210
1950 940 850
1951 1514 1151
1952 1612 705
1953 276 922
1954 668 422
1955 817 1198
1956 530 1323
1957 1742 1446
1958 1563 100
1959 1465 1622
1960 1622 911
1961 1086 464
1962 789 793
1963 1377 1575
1964 556 966
1965 572 947
1966 864 378
1967 260 557
1968 687 828
1969 402 983
1970 1089 786
1971 647 528
1972 847 1333
1973 1937 759
1974 321 1087
1975 1322 1277
1976 1374 900
1977 377 1345
1978 1124 1242
1979 836 127
1980 1278 1127
1981 1448 947
1982 1775 756
1983 350 987
1984 778 1121
1985 590 1173
1986 215 857
1987 1698 1015
1988 544 884
1989 882 1900
1990 900 1182
1991 1003 1123
1992 148 1017
1993 1833 1503
1994 691 907
1995 914 1068
1996 1779 821
1997 1038 855
1998 1138 1440
1999 1073 422
2000 1476 676
