750
4000
1 1 6619
2 1 2675
3 0 9378
4 0 1674
5 0 9809
6 1 4050
7 0 1141
8 0 3701
9 0 1193
10 0 357
11 1 7216
12 0 1095
13 0 6036
14 0 9042
15 0 8981
16 0 2415
17 0 7786
18 1 6202
19 1 9266
20 1 2102
21 0 5157
22 0 9188
23 1 6141
24 1 9867
25 1 6138
26 1 5185
27 0 8551
28 0 8106
29 1 9153
30 0 8020
31 1 1394
32 1 2086
33 1 937
34 1 4848
35 0 5799
36 0 4055
37 1 5341
38 0 3462
39 1 7021
40 0 8910
41 1 1998
42 0 9056
43 0 6980
44 1 6545
45 1 2216
46 1 9409
47 0 8107
48 1 1992
49 1 8071
50 0 3994
51 0 6126
52 1 7703
53 1 6059
54 1 7587
55 1 2329
56 1 7619
57 0 4127
58 1 3889
59 0 9225
60 1 943
61 1 9581
62 1 6733
63 1 8561
64 0 8736
65 1 1652
66 0 3158
67 0 3861
68 1 1490
69 1 2538
70 1 4448
71 0 6364
72 1 8903
73 1 7051
74 0 9601
75 0 9388
76 0 9732
77 0 1209
78 1 8535
79 0 8589
80 0 4178
81 1 1917
82 0 1338
83 0 1488
84 1 6049
85 0 3453
86 0 3981
87 0 3477
88 0 347
89 0 1087
90 0 6228
91 0 4508
92 1 7522
93 0 3501
94 0 415
95 0 6237
96 1 5264
97 1 6944
98 1 800
99 0 669
100 0 3063
101 0 8805
102 1 1971
103 1 4895
104 1 7499
105 0 1739
106 0 8166
107 1 5489
108 1 2671
109 0 9625
110 1 9675
111 0 5586
112 0 5823
113 0 8506
114 1 919
115 1 6868
116 1 2435
117 0 7588
118 0 9681
119 0 5220
120 0 3528
121 1 1804
122 0 7911
123 0 4003
124 1 7324
125 1 2697
126 0 811
127 0 7563
128 0 2336
129 1 5820
130 0 8192
131 1 9110
132 1 1055
133 0 4736
134 1 4415
135 1 8549
136 0 7334
137 1 2660
138 1 5837
139 1 9726
140 0 1009
141 0 7348
142 0 2285
143 0 6511
144 1 2292
145 1 4340
146 0 9926
147 1 8513
148 0 9936
149 1 9639
150 0 9526
151 0 6803
152 0 6717
153 1 102
154 0 9225
155 0 7338
156 1 4952
157 0 2264
158 0 3513
159 0 4541
160 0 8916
161 0 7011
162 0 9753
163 1 304
164 1 7918
165 1 5978
166 1 7827
167 0 3361
168 0 3477
169 0 889
170 0 7419
171 0 1926
172 1 2744
173 1 311
174 0 574
175 0 27
176 0 8927
177 1 9430
178 1 9200
179 1 8318
180 0 6550
181 1 6630
182 1 9684
183 1 4721
184 1 7013
185 0 4216
186 1 5945
187 0 4642
188 0 3919
189 1 7148
190 1 7366
191 1 8051
192 1 9484
193 0 3957
194 1 198
195 0 6796
196 1 5342
197 0 5356
198 1 5294
199 0 3465
200 1 3866
201 0 7015
202 0 2930
203 0 4719
204 1 7627
205 1 3019
206 1 9113
207 1 1616
208 0 5718
209 1 5219
210 0 4339
211 0 9368
212 0 3423
213 1 8557
214 1 8528
215 0 5539
216 1 5530
217 1 8260
218 1 6523
219 1 8278
220 1 6
221 1 9613
222 1 7097
223 0 870
224 1 7777
225 1 2730
226 0 257
227 0 5541
228 1 5622
229 1 7875
230 1 8356
231 1 6481
232 1 1934
233 0 8318
234 1 1748
235 1 5501
236 0 9266
237 0 249
238 1 4469
239 1 6024
240 1 3783
241 0 6638
242 1 2427
243 0 5903
244 0 2460
245 1 9454
246 1 6539
247 0 6416
248 1 8246
249 0 645
250 0 5112
251 1 6265
252 1 5560
253 1 7602
254 0 3635
255 0 1079
256 1 2181
257 1 2572
258 1 9132
259 1 8722
260 0 5503
261 1 2491
262 0 6843
263 0 5105
264 0 9694
265 0 464
266 1 6371
267 1 3143
268 1 2231
269 0 4954
270 0 826
271 1 8628
272 1 6306
273 1 6159
274 1 7777
275 0 209
276 1 8972
277 1 1071
278 0 8418
279 0 8478
280 0 8054
281 1 311
282 1 597
283 0 3562
284 0 7892
285 0 4387
286 0 4995
287 1 2660
288 1 194
289 0 4197
290 0 8169
291 0 3612
292 1 2405
293 0 2352
294 0 1834
295 1 9438
296 1 2149
297 0 3196
298 0 5253
299 0 4631
300 1 695
301 0 9907
302 1 3477
303 1 5914
304 1 6275
305 1 85
306 1 4036
307 1 1511
308 0 505
309 1 7693
310 0 1020
311 1 2059
312 1 2675
313 0 9316
314 0 4194
315 0 2955
316 1 7038
317 0 9718
318 1 9684
319 0 6098
320 1 6332
321 0 4215
322 1 5853
323 0 5159
324 0 5517
325 0 4628
326 0 7616
327 1 5812
328 1 2092
329 1 6440
330 1 4594
331 0 7481
332 0 2988
333 0 7510
334 0 8195
335 1 3613
336 0 9674
337 1 2381
338 1 9853
339 1 5536
340 1 4207
341 0 9093
342 0 3079
343 1 3495
344 1 5605
345 1 6696
346 1 3988
347 0 215
348 1 3818
349 0 543
350 1 8972
351 1 6475
352 0 2970
353 1 5027
354 0 9337
355 0 8658
356 0 1962
357 0 4038
358 1 6237
359 1 8599
360 0 8507
361 0 1351
362 0 9767
363 0 166
364 0 4605
365 0 2346
366 0 9491
367 0 3687
368 0 4827
369 0 5781
370 0 1076
371 0 8774
372 0 2761
373 1 9475
374 1 8605
375 1 7287
376 0 5961
377 0 304
378 0 6793
379 1 9735
380 0 1170
381 0 4971
382 0 6138
383 0 3479
384 0 1585
385 0 8481
386 1 6053
387 0 353
388 1 2515
389 0 1710
390 1 8806
391 1 9132
392 1 6549
393 1 2946
394 1 6936
395 0 5825
396 1 2520
397 0 7362
398 0 3715
399 0 4209
400 0 7752
401 0 3148
402 0 7893
403 0 7328
404 0 5569
405 1 1368
406 0 2402
407 0 3115
408 0 7441
409 1 2086
410 0 5437
411 1 9470
412 0 9310
413 0 525
414 1 8339
415 0 8624
416 1 5434
417 1 2507
418 1 9217
419 0 1825
420 1 6840
421 0 6979
422 0 6195
423 0 3007
424 0 7418
425 0 7572
426 1 2467
427 0 854
428 0 7724
429 1 7497
430 1 7356
431 1 4607
432 1 8244
433 1 4283
434 0 6459
435 1 7749
436 0 5329
437 1 4695
438 0 1141
439 1 3701
440 0 1272
441 1 4654
442 0 1721
443 1 5210
444 1 9715
445 1 7552
446 0 5611
447 1 9395
448 0 7997
449 1 7627
450 1 3052
451 1 4046
452 1 6182
453 1 4488
454 0 8822
455 0 825
456 1 4974
457 0 5266
458 0 1900
459 1 8243
460 0 5683
461 0 7327
462 0 3853
463 0 3263
464 1 1205
465 0 6003
466 1 5153
467 1 9356
468 0 1262
469 1 1169
470 0 6407
471 1 9486
472 0 9976
473 0 9500
474 1 574
475 1 9881
476 0 169
477 0 4557
478 1 4884
479 0 6007
480 0 6782
481 0 829
482 1 1003
483 0 6222
484 1 730
485 1 8800
486 1 5245
487 1 5448
488 0 477
489 0 6067
490 1 4872
491 0 5304
492 1 9088
493 0 9252
494 1 1696
495 0 6026
496 0 8315
497 0 3892
498 0 899
499 0 1406
500 1 6896
501 1 6942
502 0 6521
503 1 1660
504 1 8317
505 0 6460
506 0 3988
507 1 1076
508 0 5095
509 0 2356
510 1 9156
511 0 8420
512 0 8446
513 1 5977
514 1 4225
515 0 4619
516 1 4681
517 0 7237
518 1 9802
519 0 7375
520 1 3972
521 1 8411
522 1 956
523 1 6295
524 0 4193
525 0 7727
526 0 1260
527 1 5606
528 0 1529
529 1 6584
530 0 4146
531 1 9415
532 0 8980
533 1 455
534 1 1795
535 0 7803
536 1 8936
537 0 8873
538 1 3391
539 1 8114
540 0 9473
541 1 3452
542 1 9058
543 0 7699
544 0 6455
545 1 4915
546 1 6249
547 0 2006
548 0 9476
549 0 5309
550 1 8767
551 0 8751
552 1 1587
553 0 241
554 1 9458
555 1 8550
556 1 328
557 0 5652
558 1 6719
559 0 7278
560 0 8870
561 1 1040
562 0 9687
563 1 440
564 1 7760
565 1 6920
566 1 5169
567 0 2839
568 0 2350
569 1 5350
570 0 4338
571 1 3382
572 0 4294
573 0 3841
574 0 4185
575 1 7468
576 1 9864
577 0 7488
578 1 4566
579 0 3488
580 1 4375
581 0 9781
582 1 7231
583 0 8826
584 1 4479
585 0 1186
586 1 9214
587 0 1339
588 1 2382
589 1 4117
590 0 9359
591 1 1980
592 0 5905
593 1 9748
594 0 7772
595 1 9637
596 0 6944
597 0 3202
598 0 4458
599 0 79
600 0 5722
601 1 953
602 0 5585
603 0 6871
604 0 1375
605 1 8873
606 0 6182
607 0 3964
608 1 9163
609 1 4666
610 0 7795
611 0 7123
612 1 4643
613 1 2340
614 1 7427
615 1 2877
616 0 6033
617 0 2317
618 0 5928
619 1 6291
620 0 380
621 1 5120
622 1 7853
623 0 4534
624 0 4883
625 1 9032
626 0 1479
627 0 5677
628 0 1399
629 0 7558
630 1 3358
631 1 6197
632 0 1460
633 0 8470
634 0 4292
635 0 3622
636 1 9697
637 1 309
638 0 6990
639 0 1960
640 1 1016
641 1 6006
642 0 3867
643 1 7733
644 0 8370
645 0 3714
646 1 3515
647 1 5597
648 0 8738
649 0 2675
650 0 9403
651 1 3511
652 0 6568
653 0 1569
654 0 6235
655 0 2459
656 1 2539
657 0 6491
658 0 882
659 1 3020
660 0 2579
661 1 5188
662 0 9255
663 0 7737
664 1 6086
665 1 2390
666 0 6253
667 1 9686
668 1 393
669 0 8159
670 1 3362
671 0 298
672 1 175
673 0 4027
674 0 781
675 1 605
676 1 5547
677 1 389
678 1 4385
679 0 8096
680 1 3527
681 1 7562
682 1 5819
683 0 9813
684 1 1630
685 0 1077
686 1 2416
687 1 5780
688 0 7717
689 0 7184
690 1 7299
691 1 1167
692 1 2394
693 0 2491
694 1 3336
695 1 1704
696 0 3875
697 0 7760
698 1 4280
699 0 3828
700 0 8029
701 1 5004
702 1 1877
703 1 5976
704 1 8534
705 0 3754
706 0 5410
707 0 9751
708 1 3701
709 0 6011
710 1 6737
711 0 1121
712 1 1324
713 0 3088
714 0 9936
715 0 2051
716 0 8624
717 1 6445
718 1 1767
719 1 3672
720 0 4810
721 0 3315
722 1 2591
723 1 5402
724 0 922
725 1 17
726 1 4747
727 1 9820
728 0 1725
729 0 4465
730 1 7147
731 1 7225
732 1 7349
733 1 1299
734 0 2594
735 1 3003
736 0 9649
737 1 518
738 0 3659
739 0 5135
740 0 9255
741 0 8782
742 1 7927
743 1 9656
744 0 8605
745 0 4866
746 0 8656
747 1 1259
748 0 1810
749 1 3105
750 1 8072
751 0 4613
752 0 6855
753 0 5173
754 0 2383
755 0 4489
756 1 2406
757 1 5290
758 0 9555
759 0 682
760 0 2251
761 0 2763
762 0 4769
763 0 9729
764 0 8521
765 1 3416
766 0 7661
767 1 1905
768 1 7110
769 0 3323
770 1 1762
771 1 5199
772 0 9726
773 1 7676
774 0 189
775 0 612
776 0 2066
777 0 6823
778 1 1835
779 1 5165
780 0 4069
781 1 1647
782 1 1641
783 0 9594
784 1 1251
785 0 4339
786 0 2499
787 1 5645
788 1 6153
789 0 3577
790 0 4143
791 0 4478
792 1 7880
793 0 1082
794 0 2985
795 1 4618
796 0 4186
797 1 2105
798 0 6153
799 1 1295
800 1 4411
801 0 9657
802 0 4743
803 1 8688
804 0 5834
805 0 8892
806 1 1596
807 0 6683
808 1 8581
809 1 8135
810 0 5040
811 0 390
812 1 7652
813 0 3808
814 0 1493
815 1 6177
816 0 5708
817 0 2224
818 0 5855
819 0 5588
820 1 348
821 1 4849
822 1 1515
823 0 7499
824 0 8711
825 0 1561
826 0 6454
827 0 5473
828 1 4394
829 0 7714
830 0 5212
831 1 6568
832 1 946
833 0 3506
834 0 4006
835 0 2089
836 0 7368
837 1 1683
838 1 309
839 0 9286
840 1 973
841 0 5450
842 0 7916
843 0 6741
844 0 8742
845 0 7962
846 1 4209
847 0 7807
848 1 606
849 1 7965
850 1 545
851 0 2874
852 0 1586
853 1 8586
854 0 4703
855 0 625
856 1 8
857 1 963
858 0 7820
859 1 9813
860 1 6210
861 0 495
862 1 7374
863 0 3194
864 1 32
865 0 7857
866 0 6388
867 1 8175
868 0 875
869 0 3067
870 1 2315
871 0 9497
872 0 3531
873 1 2281
874 0 8069
875 1 6853
876 0 6672
877 1 1115
878 0 9550
879 0 9657
880 0 5386
881 1 2413
882 0 6284
883 0 4981
884 1 6400
885 0 7835
886 0 2336
887 1 9164
888 1 6494
889 1 9708
890 0 9893
891 1 4111
892 1 5753
893 1 6523
894 1 7370
895 0 461
896 1 6450
897 0 6656
898 0 2320
899 0 4718
900 1 6194
901 0 1916
902 1 2852
903 1 7431
904 0 6300
905 1 1269
906 0 4609
907 0 7596
908 1 5281
909 0 6666
910 1 8496
911 1 7744
912 1 5108
913 1 3845
914 0 2008
915 1 7049
916 0 5444
917 1 8582
918 0 258
919 1 1306
920 0 9653
921 1 7266
922 1 6111
923 0 520
924 0 5957
925 1 3276
926 1 3392
927 0 1311
928 1 3679
929 0 552
930 1 6501
931 1 4793
932 0 6616
933 0 5865
934 1 546
935 1 2828
936 0 3398
937 0 1206
938 0 6712
939 0 5243
940 1 7343
941 0 4409
942 0 6665
943 0 4703
944 1 6432
945 0 1347
946 0 602
947 0 2567
948 0 2215
949 0 328
950 1 1206
951 0 7518
952 0 9265
953 0 6077
954 1 2372
955 0 8442
956 1 4237
957 0 1420
958 0 5587
959 0 2828
960 0 9622
961 0 3164
962 1 190
963 1 9731
964 0 1457
965 0 6479
966 0 4499
967 1 6910
968 0 6201
969 0 3396
970 1 7721
971 1 105
972 0 7416
973 1 327
974 0 7053
975 0 7776
976 1 756
977 1 506
978 0 2258
979 1 3022
980 0 6841
981 0 594
982 0 1328
983 0 4593
984 1 8785
985 0 5263
986 1 8290
987 0 6343
988 0 4888
989 0 5964
990 0 7308
991 0 9388
992 0 8041
993 0 4553
994 1 5289
995 1 4119
996 0 1031
997 0 9598
998 0 8881
999 1 3594
1000 0 1965
1001 0 5503
1002 1 4152
1003 1 2308
1004 1 7758
1005 1 5197
1006 0 8675
1007 0 5898
1008 0 1977
1009 0 8713
1010 1 3099
1011 1 5760
1012 1 6425
1013 1 18
1014 1 7543
1015 1 3080
1016 0 3988
1017 0 7118
1018 0 1188
1019 0 9241
1020 0 4026
1021 0 4260
1022 1 2974
1023 1 5656
1024 0 71
1025 1 9478
1026 1 6703
1027 0 4343
1028 1 3796
1029 1 6049
1030 1 3560
1031 0 5432
1032 0 9260
1033 1 8362
1034 1 2654
1035 0 3193
1036 0 3511
1037 0 2673
1038 1 8861
1039 0 8579
1040 0 5625
1041 1 2626
1042 0 728
1043 1 3119
1044 1 4932
1045 1 8510
1046 0 6973
1047 0 4103
1048 0 329
1049 1 4738
1050 0 6502
1051 0 8384
1052 1 138
1053 0 1272
1054 1 7869
1055 1 6804
1056 1 6522
1057 0 256
1058 0 5194
1059 1 529
1060 1 6897
1061 0 7153
1062 0 9759
1063 0 2924
1064 1 6170
1065 0 1137
1066 1 1002
1067 1 8499
1068 0 4824
1069 1 5479
1070 1 201
1071 1 8894
1072 1 9011
1073 1 384
1074 0 4364
1075 1 151
1076 0 4772
1077 1 8006
1078 1 7138
1079 1 7339
1080 0 9435
1081 0 58
1082 1 748
1083 0 2302
1084 1 2199
1085 1 7566
1086 0 5413
1087 1 1975
1088 1 4918
1089 0 2976
1090 0 6761
1091 1 5625
1092 0 5226
1093 0 967
1094 1 3284
1095 1 655
1096 1 991
1097 1 5607
1098 1 5348
1099 0 5949
1100 0 5980
1101 1 7083
1102 1 931
1103 0 4744
1104 1 798
1105 0 7300
1106 0 2604
1107 0 2546
1108 0 9888
1109 0 1652
1110 1 6925
1111 1 9345
1112 0 8799
1113 0 4634
1114 1 4833
1115 1 5738
1116 0 181
1117 0 7117
1118 1 4399
1119 0 5174
1120 0 4726
1121 1 4388
1122 0 93
1123 1 4296
1124 0 7258
1125 1 6699
1126 1 1113
1127 1 1570
1128 1 5620
1129 1 8193
1130 0 8105
1131 1 9717
1132 0 681
1133 1 3223
1134 0 7321
1135 0 3886
1136 1 6928
1137 0 9509
1138 1 880
1139 0 8963
1140 1 672
1141 1 4281
1142 1 2973
1143 0 1343
1144 1 501
1145 0 4261
1146 1 6037
1147 1 7084
1148 1 2362
1149 1 268
1150 1 951
1151 0 9045
1152 0 1390
1153 1 6213
1154 0 5360
1155 0 2148
1156 0 8742
1157 0 1898
1158 0 1879
1159 0 1573
1160 0 8034
1161 0 9961
1162 0 3338
1163 0 5215
1164 0 2662
1165 1 5611
1166 1 1900
1167 1 4129
1168 1 8198
1169 0 4870
1170 0 8091
1171 1 866
1172 1 4447
1173 0 4736
1174 0 9341
1175 0 6993
1176 1 1679
1177 1 8602
1178 0 8730
1179 0 7450
1180 0 9955
1181 0 5890
1182 0 2417
1183 0 9181
1184 0 3846
1185 1 9601
1186 0 4367
1187 1 6134
1188 1 5424
1189 1 879
1190 1 5711
1191 1 2189
1192 0 5771
1193 1 4064
1194 1 3997
1195 0 1826
1196 1 2339
1197 0 4631
1198 0 9667
1199 0 9356
1200 1 7993
1201 0 6432
1202 0 6099
1203 1 3791
1204 0 6471
1205 1 5428
1206 0 3283
1207 0 6874
1208 1 1149
1209 1 7141
1210 1 7466
1211 1 3493
1212 1 5753
1213 1 9266
1214 1 8734
1215 0 20
1216 0 5664
1217 0 2200
1218 0 8419
1219 0 1351
1220 1 4605
1221 0 7874
1222 1 5219
1223 1 2729
1224 1 9538
1225 1 553
1226 0 3681
1227 0 6594
1228 0 3282
1229 1 6700
1230 1 9840
1231 0 3738
1232 0 4454
1233 0 1679
1234 0 8571
1235 1 8023
1236 0 5769
1237 0 4831
1238 0 2202
1239 0 4061
1240 0 6656
1241 1 1799
1242 0 4857
1243 0 2689
1244 0 3722
1245 0 8067
1246 1 3150
1247 0 97
1248 1 8413
1249 1 3045
1250 1 6804
1251 0 8833
1252 0 8028
1253 0 3769
1254 1 557
1255 0 570
1256 0 8617
1257 1 5680
1258 1 4425
1259 0 660
1260 1 7138
1261 1 7158
1262 1 2953
1263 0 3847
1264 0 4839
1265 0 6636
1266 0 3592
1267 0 1223
1268 0 5794
1269 0 2639
1270 1 7023
1271 1 5449
1272 1 3784
1273 0 9265
1274 1 7803
1275 1 1515
1276 0 746
1277 0 9078
1278 0 2737
1279 1 1681
1280 1 1603
1281 0 9137
1282 0 2781
1283 0 9021
1284 1 5926
1285 1 6161
1286 1 2627
1287 1 5421
1288 0 4170
1289 0 8603
1290 0 6694
1291 0 8535
1292 0 7244
1293 1 6434
1294 1 3954
1295 0 9226
1296 1 5043
1297 0 3016
1298 0 7107
1299 1 1935
1300 0 6453
1301 0 7272
1302 1 4643
1303 1 6504
1304 0 7837
1305 1 2502
1306 1 4970
1307 1 1613
1308 0 4338
1309 0 3477
1310 0 3189
1311 1 1200
1312 1 3472
1313 1 558
1314 1 8043
1315 0 6565
1316 1 7037
1317 0 8124
1318 0 2678
1319 1 4595
1320 1 1917
1321 1 7028
1322 1 8469
1323 0 4046
1324 0 6844
1325 0 3623
1326 1 8699
1327 1 671
1328 0 9472
1329 1 3700
1330 1 2253
1331 0 1540
1332 1 5249
1333 1 7540
1334 0 298
1335 1 7837
1336 1 3811
1337 0 9567
1338 1 8017
1339 1 8451
1340 0 1386
1341 1 2806
1342 0 2197
1343 1 5041
1344 1 9023
1345 0 8900
1346 0 6309
1347 1 7512
1348 1 4537
1349 1 6117
1350 0 8950
1351 1 9853
1352 1 8258
1353 0 6730
1354 0 3066
1355 0 7231
1356 0 3940
1357 1 6529
1358 0 9642
1359 1 4823
1360 1 4427
1361 0 5959
1362 1 6347
1363 1 1401
1364 0 1223
1365 1 3278
1366 1 676
1367 1 4051
1368 1 6225
1369 1 8475
1370 0 488
1371 0 310
1372 0 6224
1373 1 3740
1374 0 6937
1375 0 7117
1376 1 2100
1377 0 8709
1378 1 9760
1379 1 5672
1380 1 5077
1381 0 9131
1382 1 6474
1383 1 9231
1384 1 4597
1385 0 7288
1386 1 2709
1387 0 5013
1388 0 6821
1389 0 2772
1390 1 2924
1391 0 5506
1392 1 5481
1393 1 7119
1394 0 2900
1395 0 7231
1396 1 4851
1397 1 5009
1398 1 2110
1399 1 1070
1400 0 2277
1401 0 2766
1402 0 2964
1403 1 8443
1404 0 866
1405 0 3323
1406 0 7327
1407 0 4124
1408 1 7685
1409 1 2912
1410 0 6745
1411 1 1753
1412 0 6053
1413 0 6815
1414 0 4485
1415 0 6094
1416 1 9218
1417 0 1159
1418 0 8963
1419 0 1140
1420 0 3686
1421 1 6065
1422 0 8524
1423 0 8917
1424 0 6126
1425 0 1241
1426 1 8612
1427 0 805
1428 0 3611
1429 0 1376
1430 1 8182
1431 0 2361
1432 0 3738
1433 0 4399
1434 1 6717
1435 1 1764
1436 0 315
1437 0 6989
1438 0 1217
1439 0 6280
1440 0 80
1441 1 9559
1442 0 3669
1443 1 8138
1444 1 2153
1445 1 902
1446 0 6594
1447 1 8844
1448 0 2280
1449 1 9585
1450 0 4060
1451 0 9739
1452 1 2440
1453 1 4150
1454 0 1002
1455 0 9356
1456 1 4294
1457 1 7159
1458 0 308
1459 1 4842
1460 0 7090
1461 1 3852
1462 1 7811
1463 1 7450
1464 1 6864
1465 0 1349
1466 1 6214
1467 1 6567
1468 0 6044
1469 1 782
1470 1 4967
1471 1 9137
1472 1 5738
1473 1 8122
1474 1 7240
1475 1 9726
1476 1 5217
1477 1 8627
1478 0 3063
1479 0 3581
1480 0 9998
1481 0 1662
1482 0 5612
1483 0 6830
1484 1 9849
1485 1 1700
1486 1 1911
1487 0 3189
1488 0 3833
1489 0 6743
1490 1 8768
1491 1 6562
1492 1 6811
1493 0 1834
1494 0 9212
1495 0 4478
1496 0 3317
1497 0 818
1498 0 3792
1499 0 7321
1500 0 9358
1501 1 8809
1502 0 6421
1503 0 8505
1504 0 117
1505 1 6425
1506 0 7937
1507 1 7470
1508 0 8839
1509 1 6206
1510 1 8687
1511 0 2313
1512 0 1229
1513 0 3029
1514 1 2711
1515 1 7204
1516 1 5009
1517 0 9860
1518 1 8823
1519 1 7266
1520 1 4122
1521 0 3135
1522 1 9687
1523 1 9505
1524 0 2639
1525 1 57
1526 1 4728
1527 1 9032
1528 1 1415
1529 0 7024
1530 0 6509
1531 1 4571
1532 0 4673
1533 1 8883
1534 1 4457
1535 0 3708
1536 0 5972
1537 1 310
1538 1 4744
1539 1 570
1540 0 531
1541 1 9336
1542 0 1862
1543 1 6697
1544 1 6760
1545 1 70
1546 1 1602
1547 0 7376
1548 0 7634
1549 0 7872
1550 0 8638
1551 1 4820
1552 0 5392
1553 0 5778
1554 1 9076
1555 0 7863
1556 1 8059
1557 1 1038
1558 1 8391
1559 0 4014
1560 1 6151
1561 0 274
1562 1 310
1563 1 4698
1564 0 4254
1565 1 5404
1566 1 5025
1567 0 4283
1568 1 1570
1569 0 4839
1570 0 4807
1571 0 209
1572 1 4870
1573 1 9286
1574 0 2580
1575 1 1927
1576 1 7498
1577 1 7741
1578 0 6456
1579 1 1269
1580 0 860
1581 1 2937
1582 0 5009
1583 1 8911
1584 1 577
1585 1 5329
1586 0 5621
1587 0 5062
1588 0 6412
1589 1 5672
1590 0 9314
1591 0 1619
1592 0 7190
1593 0 8884
1594 0 9644
1595 1 4847
1596 0 3890
1597 1 3996
1598 0 7179
1599 1 1154
1600 1 9977
1601 1 9172
1602 0 7796
1603 0 5358
1604 1 3112
1605 0 6582
1606 0 1940
1607 0 9772
1608 1 3678
1609 1 7528
1610 0 9841
1611 0 8608
1612 0 3533
1613 0 8567
1614 0 3502
1615 1 4379
1616 1 5094
1617 0 4955
1618 0 9348
1619 1 787
1620 1 3201
1621 0 2939
1622 1 8896
1623 0 921
1624 0 1776
1625 1 9011
1626 1 9628
1627 1 182
1628 1 7931
1629 1 4949
1630 0 8666
1631 0 3069
1632 0 1818
1633 0 1131
1634 0 8496
1635 1 8138
1636 1 9533
1637 0 4322
1638 1 8706
1639 0 5295
1640 0 7317
1641 1 9481
1642 0 3779
1643 0 9132
1644 1 1788
1645 0 9250
1646 1 3373
1647 0 5379
1648 1 8825
1649 0 1755
1650 1 8231
1651 0 6376
1652 1 2715
1653 1 4575
1654 1 6102
1655 1 2771
1656 0 8522
1657 1 7490
1658 1 4503
1659 0 214
1660 1 7811
1661 1 4586
1662 0 2632
1663 0 9328
1664 1 9935
1665 1 2261
1666 0 482
1667 1 5460
1668 0 7211
1669 0 1711
1670 0 3992
1671 1 5772
1672 1 4056
1673 0 4737
1674 0 4293
1675 0 8903
1676 0 326
1677 1 6062
1678 0 6815
1679 0 7539
1680 0 5082
1681 1 6754
1682 1 5454
1683 1 1153
1684 0 6946
1685 1 5031
1686 0 9889
1687 1 4270
1688 0 1465
1689 1 668
1690 0 844
1691 0 3688
1692 1 924
1693 0 2858
1694 1 1297
1695 1 5065
1696 1 7189
1697 0 4869
1698 0 1089
1699 1 6562
1700 1 8641
1701 0 4234
1702 1 1931
1703 0 9859
1704 0 7785
1705 0 2965
1706 1 1522
1707 1 1104
1708 0 6482
1709 1 5151
1710 1 2217
1711 0 5718
1712 0 5000
1713 1 7128
1714 0 7098
1715 0 5851
1716 1 5786
1717 1 7924
1718 0 8500
1719 1 579
1720 0 3778
1721 0 4609
1722 1 7098
1723 0 8705
1724 1 6858
1725 1 3621
1726 1 458
1727 0 8897
1728 1 6291
1729 1 6751
1730 0 8925
1731 1 1199
1732 1 2433
1733 0 5108
1734 0 4466
1735 1 9832
1736 0 1240
1737 1 4698
1738 1 3846
1739 1 1233
1740 0 7820
1741 0 2933
1742 1 9000
1743 1 7751
1744 0 7311
1745 0 492
1746 1 4645
1747 0 6844
1748 0 6611
1749 1 7761
1750 1 6336
1751 0 8467
1752 1 1274
1753 1 8237
1754 0 5054
1755 0 519
1756 0 8551
1757 0 3859
1758 0 48
1759 1 469
1760 0 8279
1761 1 9238
1762 0 11
1763 0 4956
1764 1 6966
1765 1 1292
1766 1 2404
1767 1 6252
1768 0 6871
1769 1 2927
1770 1 2037
1771 1 4979
1772 0 6551
1773 1 2403
1774 0 1971
1775 0 3292
1776 0 1998
1777 0 6475
1778 1 7962
1779 1 8438
1780 1 9325
1781 1 1048
1782 1 4502
1783 1 7311
1784 0 412
1785 0 1408
1786 1 4168
1787 0 4329
1788 1 426
1789 0 8579
1790 0 354
1791 1 3338
1792 0 2408
1793 0 2625
1794 0 2486
1795 0 3961
1796 0 5832
1797 0 7804
1798 1 4371
1799 1 231
1800 1 9972
1801 0 5583
1802 1 755
1803 0 7908
1804 1 383
1805 0 2183
1806 0 5685
1807 1 6381
1808 0 670
1809 1 5170
1810 0 5555
1811 1 4693
1812 1 997
1813 1 4955
1814 0 165
1815 1 8919
1816 1 2353
1817 0 4819
1818 0 447
1819 0 16
1820 0 8396
1821 0 9388
1822 1 2088
1823 1 7358
1824 0 4998
1825 1 6783
1826 1 5134
1827 0 2687
1828 0 8268
1829 1 9768
1830 0 2390
1831 1 1174
1832 0 7797
1833 1 8392
1834 0 8065
1835 1 1676
1836 1 1574
1837 1 3365
1838 0 7505
1839 1 2651
1840 1 3132
1841 0 9967
1842 1 8172
1843 0 5021
1844 1 6663
1845 1 6592
1846 0 8736
1847 1 5956
1848 1 6697
1849 0 911
1850 1 5931
1851 0 6420
1852 0 3145
1853 0 2841
1854 0 7995
1855 1 7480
1856 0 3327
1857 1 3960
1858 1 4719
1859 1 8140
1860 0 620
1861 0 24
1862 0 8742
1863 0 9551
1864 1 7358
1865 0 9206
1866 0 7422
1867 0 2006
1868 1 6012
1869 0 8354
1870 1 1527
1871 0 2021
1872 0 1459
1873 1 3433
1874 1 9648
1875 1 3811
1876 0 4690
1877 0 3094
1878 1 1232
1879 0 1710
1880 0 1839
1881 1 1666
1882 1 3689
1883 0 5638
1884 0 4738
1885 1 2191
1886 0 8726
1887 0 4134
1888 1 1123
1889 0 7423
1890 1 9624
1891 1 2895
1892 1 70
1893 0 6078
1894 1 2498
1895 1 5720
1896 1 5163
1897 0 7469
1898 1 2160
1899 1 5023
1900 0 6387
1901 0 692
1902 1 7980
1903 1 2483
1904 1 473
1905 0 6936
1906 0 2300
1907 0 7566
1908 0 9262
1909 0 2670
1910 0 7240
1911 0 7656
1912 1 2185
1913 0 7428
1914 0 9924
1915 0 328
1916 0 9824
1917 0 2697
1918 1 9272
1919 0 2319
1920 1 9882
1921 1 8
1922 0 7289
1923 0 4911
1924 0 3795
1925 1 6777
1926 1 1159
1927 1 2995
1928 1 4303
1929 1 8689
1930 0 2297
1931 1 8915
1932 0 5725
1933 0 179
1934 1 5983
1935 0 2988
1936 0 17
1937 0 3794
1938 0 7574
1939 0 6535
1940 0 5569
1941 1 2124
1942 0 9941
1943 1 2435
1944 1 4035
1945 1 2947
1946 0 3213
1947 0 9795
1948 0 5275
1949 0 5405
1950 1 2756
1951 1 6167
1952 0 2949
1953 0 5869
1954 0 7326
1955 1 8312
1956 0 3720
1957 1 8387
1958 1 6618
1959 0 3138
1960 0 2216
1961 0 896
1962 0 4305
1963 1 3972
1964 0 8536
1965 1 8082
1966 1 1174
1967 0 1264
1968 1 4263
1969 1 3667
1970 0 196
1971 0 814
1972 0 414
1973 0 7639
1974 0 96
1975 1 2146
1976 0 7307
1977 0 6201
1978 1 4361
1979 1 827
1980 1 2643
1981 1 1203
1982 0 289
1983 0 1514
1984 0 9244
1985 1 8446
1986 0 2557
1987 0 7443
1988 1 3854
1989 0 1936
1990 1 6354
1991 0 9389
1992 0 3360
1993 1 2142
1994 0 9953
1995 1 4681
1996 0 8012
1997 1 3135
1998 1 7345
1999 0 7498
2000 0 3713
2001 1 606
2002 0 9950
2003 0 9761
2004 0 8271
2005 1 3668
2006 0 4787
2007 0 6178
2008 1 3076
2009 1 5484
2010 0 1198
2011 0 6063
2012 1 7840
2013 0 5705
2014 1 9094
2015 0 8416
2016 0 2191
2017 0 2905
2018 1 7485
2019 1 9256
2020 1 61
2021 0 7946
2022 1 5050
2023 1 7157
2024 1 6723
2025 0 5791
2026 1 3093
2027 0 6255
2028 1 8309
2029 1 2286
2030 1 9716
2031 1 8873
2032 0 5079
2033 0 7760
2034 1 4811
2035 1 1165
2036 0 5861
2037 0 5485
2038 1 3738
2039 0 5066
2040 1 7596
2041 1 5295
2042 0 1301
2043 1 5867
2044 1 7823
2045 0 6107
2046 0 1668
2047 1 4492
2048 1 191
2049 1 3283
2050 1 504
2051 1 3003
2052 0 7500
2053 0 8547
2054 1 8622
2055 1 7780
2056 1 8857
2057 1 3140
2058 1 1985
2059 0 2610
2060 1 2208
2061 0 1384
2062 0 1664
2063 0 9027
2064 1 8184
2065 1 2235
2066 1 7791
2067 0 1420
2068 0 4024
2069 1 8542
2070 0 6676
2071 1 1539
2072 1 9837
2073 0 8283
2074 1 3809
2075 1 7655
2076 0 2509
2077 1 3042
2078 0 3981
2079 0 5241
2080 1 5558
2081 0 2931
2082 1 3337
2083 1 7784
2084 1 3223
2085 0 1063
2086 1 9077
2087 1 5053
2088 0 1162
2089 1 2289
2090 1 9865
2091 0 3590
2092 1 2052
2093 1 5072
2094 0 3896
2095 0 3876
2096 0 5093
2097 0 7538
2098 1 6170
2099 1 3030
2100 1 4102
2101 0 7134
2102 0 9484
2103 0 4266
2104 0 639
2105 1 9946
2106 1 4160
2107 1 5067
2108 1 9821
2109 1 9636
2110 1 5506
2111 1 8759
2112 0 8398
2113 0 129
2114 1 4619
2115 1 7586
2116 1 6920
2117 1 174
2118 0 8878
2119 0 9945
2120 1 842
2121 1 5486
2122 1 3541
2123 0 9033
2124 0 109
2125 0 5935
2126 0 7657
2127 0 1585
2128 1 5509
2129 0 1874
2130 0 2148
2131 0 298
2132 1 5382
2133 0 6484
2134 1 4518
2135 1 7080
2136 1 6764
2137 1 8084
2138 0 9618
2139 1 6391
2140 0 3758
2141 1 2324
2142 0 4159
2143 0 332
2144 1 9633
2145 1 9347
2146 0 4782
2147 1 2264
2148 1 9378
2149 1 9523
2150 0 8949
2151 0 2793
2152 1 4398
2153 1 1396
2154 1 6678
2155 0 1350
2156 1 9841
2157 0 9691
2158 1 195
2159 1 9248
2160 1 2706
2161 1 8218
2162 1 2188
2163 1 8683
2164 1 3383
2165 1 4727
2166 1 1826
2167 1 8676
2168 1 616
2169 1 277
2170 1 1517
2171 0 1404
2172 0 9874
2173 1 3763
2174 1 4132
2175 1 591
2176 1 6589
2177 1 2297
2178 1 5133
2179 1 3050
2180 1 6345
2181 1 3747
2182 1 7758
2183 1 4212
2184 0 6314
2185 0 5792
2186 0 3782
2187 1 4567
2188 1 250
2189 1 8483
2190 0 6797
2191 1 8238
2192 0 8151
2193 0 4188
2194 0 7032
2195 0 433
2196 1 8069
2197 0 1267
2198 1 3057
2199 0 3802
2200 0 8092
2201 0 2946
2202 1 1148
2203 0 5943
2204 0 5158
2205 1 7014
2206 0 726
2207 1 3252
2208 0 7778
2209 1 2253
2210 1 6247
2211 1 8565
2212 1 809
2213 0 2999
2214 0 4916
2215 1 5434
2216 0 1044
2217 0 8054
2218 0 6831
2219 1 1207
2220 1 5570
2221 1 3621
2222 0 5962
2223 0 7436
2224 0 8811
2225 1 6665
2226 1 7476
2227 0 2484
2228 0 2169
2229 1 505
2230 1 322
2231 0 7836
2232 0 9143
2233 0 4327
2234 0 3806
2235 1 34
2236 0 1045
2237 1 6184
2238 1 4813
2239 0 503
2240 0 3967
2241 0 652
2242 0 2037
2243 1 1068
2244 1 3126
2245 0 9671
2246 0 8414
2247 0 7354
2248 1 7291
2249 0 334
2250 1 3254
2251 0 7831
2252 1 5173
2253 1 7299
2254 0 6437
2255 0 1558
2256 0 208
2257 0 2089
2258 1 4619
2259 1 1253
2260 1 2993
2261 0 217
2262 1 5240
2263 1 2952
2264 1 6891
2265 1 6143
2266 0 1806
2267 1 4306
2268 1 1222
2269 1 9810
2270 0 473
2271 0 6026
2272 0 4144
2273 1 5524
2274 1 138
2275 1 3609
2276 0 2952
2277 1 15
2278 1 4545
2279 1 3391
2280 0 6568
2281 1 1110
2282 1 4589
2283 0 5399
2284 1 7305
2285 0 797
2286 0 7066
2287 0 3962
2288 0 1931
2289 1 9003
2290 0 1945
2291 1 9229
2292 1 14
2293 1 977
2294 1 8745
2295 0 8489
2296 0 6452
2297 1 9047
2298 1 696
2299 0 3009
2300 1 4392
2301 1 5104
2302 1 6483
2303 0 3486
2304 0 1183
2305 1 8991
2306 1 1481
2307 1 1660
2308 1 5440
2309 0 3462
2310 0 7328
2311 0 2490
2312 0 2044
2313 0 9607
2314 0 4849
2315 1 7202
2316 0 12
2317 0 11
2318 1 2239
2319 0 1937
2320 0 482
2321 0 7625
2322 0 5702
2323 1 4310
2324 1 7538
2325 0 3107
2326 1 883
2327 0 1977
2328 1 8204
2329 0 6227
2330 0 181
2331 1 9766
2332 0 1441
2333 1 1184
2334 1 9704
2335 0 2780
2336 1 4628
2337 0 1497
2338 0 9426
2339 1 8260
2340 0 2639
2341 0 4181
2342 1 4296
2343 1 5839
2344 1 5278
2345 0 1350
2346 1 7173
2347 1 5239
2348 1 5776
2349 1 1642
2350 1 9345
2351 1 7295
2352 1 8734
2353 0 5045
2354 1 2110
2355 0 4879
2356 0 429
2357 0 4709
2358 1 8774
2359 0 9160
2360 0 1395
2361 1 681
2362 0 9396
2363 1 8967
2364 1 5824
2365 1 3871
2366 0 3379
2367 1 3748
2368 0 2317
2369 0 7794
2370 1 3550
2371 0 8347
2372 0 2835
2373 0 8863
2374 1 3392
2375 0 242
2376 1 5346
2377 1 4930
2378 0 2354
2379 1 6902
2380 0 3793
2381 1 3093
2382 1 3007
2383 0 8719
2384 0 5823
2385 0 4032
2386 0 8834
2387 0 527
2388 1 9534
2389 1 8510
2390 1 2199
2391 1 7550
2392 0 5769
2393 1 999
2394 0 2551
2395 1 8998
2396 1 3446
2397 0 9054
2398 1 3940
2399 1 4358
2400 0 481
2401 0 6178
2402 0 2593
2403 0 9655
2404 1 5822
2405 1 7033
2406 0 4483
2407 1 6787
2408 1 636
2409 1 5892
2410 1 4689
2411 1 7695
2412 1 7975
2413 0 6711
2414 1 6258
2415 1 5980
2416 0 4589
2417 1 7916
2418 0 8158
2419 0 3139
2420 1 162
2421 0 4910
2422 1 5861
2423 1 8561
2424 1 9371
2425 1 6647
2426 0 8258
2427 0 6879
2428 0 3141
2429 1 9885
2430 0 7534
2431 0 5693
2432 0 3801
2433 0 2223
2434 1 9614
2435 0 2383
2436 0 2425
2437 1 3425
2438 0 7268
2439 1 9292
2440 0 4736
2441 0 1915
2442 0 3877
2443 1 9511
2444 1 7989
2445 1 4006
2446 0 1093
2447 0 8081
2448 1 312
2449 1 1839
2450 0 4950
2451 0 4460
2452 1 1377
2453 0 2109
2454 1 166
2455 1 7485
2456 0 3147
2457 0 5743
2458 1 9776
2459 0 4738
2460 1 7632
2461 1 664
2462 1 8490
2463 0 7531
2464 1 755
2465 0 7500
2466 0 1061
2467 1 8948
2468 0 8522
2469 1 8373
2470 0 6972
2471 0 7078
2472 1 2026
2473 1 8859
2474 1 2809
2475 1 908
2476 1 3989
2477 1 9496
2478 1 6110
2479 0 1038
2480 0 4623
2481 1 219
2482 0 6339
2483 0 6888
2484 1 3305
2485 0 5304
2486 0 4454
2487 1 4577
2488 1 5101
2489 0 10000
2490 0 2514
2491 0 7689
2492 0 5149
2493 0 1504
2494 0 4554
2495 1 6255
2496 0 1772
2497 1 5101
2498 1 1607
2499 0 5940
2500 0 7679
2501 0 1689
2502 0 4322
2503 1 2166
2504 1 5624
2505 1 8066
2506 1 5843
2507 1 5215
2508 0 3923
2509 0 7759
2510 0 8671
2511 1 5915
2512 0 8639
2513 1 2310
2514 0 2083
2515 0 9688
2516 0 2525
2517 1 1044
2518 1 1321
2519 1 3133
2520 0 2333
2521 1 4135
2522 1 9656
2523 0 1970
2524 0 6154
2525 1 5722
2526 1 3839
2527 1 7303
2528 1 2999
2529 0 9393
2530 0 3382
2531 1 5798
2532 0 3677
2533 1 1696
2534 0 2643
2535 0 4533
2536 1 1630
2537 0 5799
2538 0 3288
2539 1 5239
2540 0 8589
2541 0 3629
2542 0 1656
2543 0 8533
2544 0 7473
2545 0 7577
2546 1 4283
2547 1 5194
2548 1 6977
2549 0 1893
2550 1 9676
2551 1 1241
2552 0 8651
2553 0 3428
2554 1 7835
2555 0 5818
2556 1 1652
2557 0 6341
2558 0 6955
2559 0 5015
2560 1 4343
2561 0 9020
2562 1 6409
2563 0 2515
2564 0 8277
2565 0 3505
2566 1 6219
2567 1 5532
2568 1 840
2569 0 7763
2570 0 7803
2571 0 2547
2572 0 569
2573 0 3419
2574 1 9888
2575 1 1044
2576 1 5980
2577 1 1007
2578 0 305
2579 1 1900
2580 1 8040
2581 1 3539
2582 0 224
2583 1 5760
2584 0 602
2585 0 4235
2586 1 991
2587 1 4194
2588 0 6810
2589 1 3724
2590 0 9747
2591 1 6245
2592 0 2767
2593 0 8213
2594 0 9467
2595 1 2120
2596 1 8989
2597 1 8344
2598 0 7224
2599 0 9650
2600 1 5612
2601 1 1049
2602 1 9841
2603 1 5262
2604 1 8219
2605 0 7061
2606 1 1423
2607 0 1495
2608 0 8436
2609 0 214
2610 1 2515
2611 1 2521
2612 1 3329
2613 0 5608
2614 0 1055
2615 1 7262
2616 1 1331
2617 1 5126
2618 1 3215
2619 0 168
2620 0 7921
2621 1 3519
2622 1 4454
2623 1 6310
2624 1 9148
2625 0 5187
2626 1 3588
2627 1 3693
2628 1 2114
2629 0 7251
2630 0 2
2631 1 8510
2632 1 1074
2633 1 6953
2634 0 5800
2635 0 5141
2636 0 3074
2637 1 1036
2638 0 967
2639 0 9417
2640 1 4591
2641 0 29
2642 0 1711
2643 1 2789
2644 0 865
2645 1 939
2646 0 8483
2647 0 3410
2648 1 243
2649 0 5894
2650 1 2470
2651 1 8541
2652 0 4906
2653 1 1535
2654 1 6613
2655 0 487
2656 1 7219
2657 1 8065
2658 1 8368
2659 0 7613
2660 1 4370
2661 0 4169
2662 0 1199
2663 1 7287
2664 0 206
2665 1 3892
2666 0 9085
2667 1 657
2668 0 7879
2669 1 2565
2670 1 8856
2671 0 9951
2672 0 8531
2673 0 2044
2674 1 7560
2675 1 1081
2676 1 9144
2677 1 614
2678 1 3353
2679 0 123
2680 1 8770
2681 1 7641
2682 0 6246
2683 1 782
2684 1 909
2685 1 3701
2686 0 1082
2687 1 7371
2688 0 7143
2689 0 6985
2690 1 5833
2691 1 5564
2692 0 3410
2693 0 3065
2694 1 1566
2695 0 2089
2696 1 166
2697 0 4241
2698 0 496
2699 0 4945
2700 0 3446
2701 1 5229
2702 0 6328
2703 0 4503
2704 1 1001
2705 1 7112
2706 1 7685
2707 1 4457
2708 1 8089
2709 1 6534
2710 0 4683
2711 1 5274
2712 1 8611
2713 0 8380
2714 1 7671
2715 1 8944
2716 1 7630
2717 1 7765
2718 0 1657
2719 0 5481
2720 0 3877
2721 0 1426
2722 1 7339
2723 0 4385
2724 0 554
2725 0 155
2726 1 3456
2727 0 938
2728 0 801
2729 1 9303
2730 0 7463
2731 0 224
2732 1 1467
2733 0 1820
2734 1 2074
2735 0 2566
2736 0 4005
2737 0 42
2738 0 1845
2739 0 8454
2740 1 5408
2741 0 1546
2742 1 5679
2743 1 3313
2744 0 3836
2745 0 7085
2746 1 833
2747 1 9425
2748 0 3821
2749 1 3084
2750 1 2205
2751 0 979
2752 1 1817
2753 1 1238
2754 0 6742
2755 1 5826
2756 0 9660
2757 1 3883
2758 1 8445
2759 0 4079
2760 1 5203
2761 1 8877
2762 0 5292
2763 0 7630
2764 0 2766
2765 0 7600
2766 1 752
2767 1 9839
2768 0 2177
2769 1 430
2770 1 1151
2771 1 2900
2772 1 4767
2773 1 661
2774 1 9826
2775 0 4348
2776 0 2446
2777 1 2445
2778 0 3647
2779 1 9896
2780 0 9085
2781 0 7619
2782 0 9863
2783 1 4061
2784 0 7078
2785 1 7565
2786 0 8064
2787 0 6734
2788 1 7180
2789 0 6566
2790 1 757
2791 1 8837
2792 1 3589
2793 0 2545
2794 0 1246
2795 0 4394
2796 1 150
2797 0 7282
2798 1 6114
2799 1 6336
2800 0 9428
2801 0 1665
2802 0 851
2803 0 4950
2804 1 7151
2805 0 630
2806 1 7671
2807 0 8215
2808 1 3175
2809 1 8641
2810 1 4471
2811 0 422
2812 1 2650
2813 1 8678
2814 0 1340
2815 1 4175
2816 1 4190
2817 0 7113
2818 1 340
2819 1 6289
2820 1 7625
2821 0 7527
2822 1 7252
2823 0 6060
2824 0 1686
2825 0 6281
2826 1 3238
2827 0 2802
2828 1 3446
2829 0 9504
2830 0 1319
2831 0 9368
2832 0 4281
2833 0 815
2834 1 1628
2835 0 814
2836 0 4045
2837 1 9245
2838 1 3269
2839 1 5065
2840 1 9856
2841 0 9568
2842 1 2638
2843 0 5701
2844 1 3555
2845 0 2664
2846 0 9721
2847 0 9435
2848 0 8508
2849 1 7514
2850 1 7880
2851 1 9960
2852 1 9297
2853 1 8883
2854 1 1526
2855 1 4820
2856 0 4366
2857 0 9406
2858 1 4907
2859 0 1887
2860 0 628
2861 0 894
2862 0 1115
2863 0 5017
2864 0 5669
2865 0 3016
2866 1 7224
2867 1 8571
2868 1 6880
2869 0 9419
2870 1 8099
2871 1 6407
2872 0 7473
2873 0 5923
2874 0 2615
2875 1 5107
2876 1 7533
2877 0 9185
2878 1 4907
2879 0 8579
2880 1 1549
2881 1 4191
2882 1 2896
2883 0 8060
2884 1 7707
2885 0 9994
2886 1 1472
2887 0 4694
2888 1 8342
2889 0 9679
2890 1 4083
2891 0 4662
2892 0 9437
2893 0 3474
2894 0 962
2895 1 8661
2896 1 9815
2897 0 8956
2898 1 9290
2899 1 5844
2900 1 6917
2901 0 6144
2902 1 163
2903 1 730
2904 0 4308
2905 0 3485
2906 1 6381
2907 1 3517
2908 0 7810
2909 1 5015
2910 1 5690
2911 0 3244
2912 0 9452
2913 1 7829
2914 0 6679
2915 0 546
2916 0 5643
2917 1 1267
2918 0 8378
2919 0 9197
2920 0 8136
2921 0 5616
2922 0 2723
2923 0 6659
2924 1 1585
2925 0 8849
2926 0 8300
2927 1 7726
2928 0 6997
2929 0 8557
2930 1 9234
2931 1 3993
2932 1 8098
2933 0 6705
2934 1 8604
2935 1 7363
2936 0 8267
2937 1 9239
2938 0 9848
2939 0 6597
2940 1 633
2941 1 9552
2942 0 8934
2943 0 9519
2944 0 4222
2945 0 8663
2946 1 5035
2947 1 3226
2948 0 1663
2949 1 404
2950 1 3475
2951 0 6805
2952 0 6822
2953 0 9020
2954 1 5021
2955 0 7304
2956 1 9158
2957 1 7395
2958 1 9233
2959 1 3358
2960 1 1553
2961 1 5724
2962 0 1495
2963 0 4507
2964 0 6498
2965 1 8293
2966 1 1900
2967 0 6109
2968 1 6971
2969 1 3631
2970 0 2788
2971 0 7710
2972 1 4278
2973 0 6415
2974 0 1500
2975 1 751
2976 0 1286
2977 1 8477
2978 0 3890
2979 1 6577
2980 1 6216
2981 0 7150
2982 1 8785
2983 1 6481
2984 1 206
2985 0 8951
2986 0 8696
2987 1 5450
2988 0 8885
2989 1 5039
2990 0 9340
2991 0 1220
2992 0 5156
2993 0 2063
2994 0 8347
2995 1 1982
2996 1 5369
2997 1 6951
2998 0 6756
2999 1 6659
3000 1 2577
3001 1 1614
3002 0 5574
3003 1 2184
3004 0 8270
3005 0 8999
3006 1 2294
3007 1 9861
3008 0 8656
3009 1 6704
3010 0 7709
3011 1 9435
3012 0 9620
3013 1 5338
3014 1 8159
3015 1 6774
3016 0 1942
3017 1 976
3018 1 4666
3019 0 280
3020 0 5845
3021 1 5981
3022 0 568
3023 0 4694
3024 1 1202
3025 0 1634
3026 0 7251
3027 0 5674
3028 0 3074
3029 1 5720
3030 0 809
3031 0 8950
3032 1 7155
3033 1 2913
3034 0 4569
3035 0 7408
3036 0 6760
3037 0 6579
3038 1 7081
3039 0 909
3040 1 2588
3041 0 2309
3042 1 2718
3043 0 9764
3044 1 6043
3045 0 8057
3046 0 4562
3047 0 7301
3048 1 7440
3049 0 6104
3050 1 802
3051 1 5630
3052 1 320
3053 0 8974
3054 0 2052
3055 1 2241
3056 0 8222
3057 1 6147
3058 0 6732
3059 1 918
3060 0 7832
3061 1 1648
3062 1 6994
3063 1 469
3064 1 499
3065 1 3940
3066 1 9534
3067 1 8995
3068 0 620
3069 0 2825
3070 1 6241
3071 0 2968
3072 1 5814
3073 1 2723
3074 1 5460
3075 0 7460
3076 1 6385
3077 1 1502
3078 0 1391
3079 0 4475
3080 0 3620
3081 1 4669
3082 1 378
3083 1 7679
3084 0 1720
3085 1 2969
3086 1 5351
3087 1 5727
3088 0 2977
3089 0 4809
3090 0 5616
3091 0 2603
3092 0 3496
3093 1 8162
3094 0 5975
3095 1 8936
3096 1 4798
3097 1 2395
3098 0 7952
3099 1 6085
3100 0 4514
3101 0 1825
3102 1 9237
3103 0 6627
3104 0 5429
3105 1 3582
3106 1 6073
3107 1 8668
3108 1 4534
3109 0 1449
3110 1 2636
3111 0 7874
3112 1 8106
3113 1 637
3114 1 7574
3115 1 434
3116 1 3852
3117 0 3033
3118 0 1428
3119 0 7465
3120 1 2784
3121 1 6091
3122 0 9604
3123 1 7798
3124 0 9772
3125 1 1039
3126 1 325
3127 1 1671
3128 1 5448
3129 1 4140
3130 0 5291
3131 0 4907
3132 0 9937
3133 1 5120
3134 0 3025
3135 1 9320
3136 0 5159
3137 0 9460
3138 1 7604
3139 1 5212
3140 1 6755
3141 0 4901
3142 1 3496
3143 1 2275
3144 0 4621
3145 1 1484
3146 0 9915
3147 0 5051
3148 1 9541
3149 1 4515
3150 1 369
3151 0 128
3152 0 3383
3153 0 5779
3154 0 3662
3155 1 6205
3156 1 4326
3157 1 9459
3158 0 774
3159 1 7434
3160 1 8519
3161 0 2229
3162 0 9878
3163 1 4307
3164 1 1001
3165 1 2478
3166 0 6879
3167 1 6198
3168 0 8008
3169 0 4472
3170 1 2136
3171 1 8434
3172 1 1979
3173 1 6125
3174 1 5315
3175 1 4912
3176 0 2923
3177 0 8004
3178 1 685
3179 1 485
3180 0 5671
3181 0 3852
3182 1 7140
3183 1 2669
3184 1 6779
3185 1 1360
3186 0 4290
3187 1 2075
3188 1 9536
3189 1 3520
3190 0 6651
3191 1 7251
3192 1 6322
3193 1 9621
3194 0 3173
3195 1 7745
3196 0 4980
3197 1 224
3198 0 7677
3199 1 3606
3200 0 9795
3201 0 6296
3202 1 943
3203 1 5233
3204 0 9049
3205 0 8763
3206 1 4091
3207 1 8790
3208 0 221
3209 1 6904
3210 0 7136
3211 1 2472
3212 1 2255
3213 1 4062
3214 1 6530
3215 0 6764
3216 1 910
3217 0 558
3218 1 5475
3219 0 5696
3220 0 5747
3221 1 1567
3222 1 5387
3223 1 372
3224 0 1311
3225 0 1382
3226 0 7338
3227 1 607
3228 1 3140
3229 0 4714
3230 1 5597
3231 0 4020
3232 1 2840
3233 0 2755
3234 1 8449
3235 1 1050
3236 0 2420
3237 0 5107
3238 1 4316
3239 1 7912
3240 0 4422
3241 0 3557
3242 0 5040
3243 1 3682
3244 1 1457
3245 0 8146
3246 0 38
3247 0 5740
3248 0 1632
3249 1 4492
3250 0 68
3251 0 9455
3252 0 3994
3253 1 3019
3254 0 8438
3255 0 2140
3256 0 9488
3257 0 7266
3258 1 439
3259 0 1929
3260 0 7986
3261 1 7835
3262 0 8224
3263 1 8598
3264 1 1131
3265 0 1767
3266 1 7157
3267 0 5897
3268 0 5727
3269 1 9255
3270 0 6246
3271 0 3318
3272 1 8365
3273 1 2482
3274 0 4837
3275 1 2296
3276 0 9370
3277 0 4527
3278 0 1837
3279 0 6150
3280 1 5799
3281 1 7581
3282 1 2244
3283 0 4597
3284 0 2171
3285 0 881
3286 1 5916
3287 0 2668
3288 1 3875
3289 1 9028
3290 1 2986
3291 1 6692
3292 0 3514
3293 0 4072
3294 0 432
3295 1 2454
3296 1 7166
3297 1 6678
3298 1 3501
3299 0 8482
3300 1 9981
3301 1 5720
3302 1 457
3303 0 4749
3304 1 1773
3305 0 4447
3306 1 3948
3307 0 3127
3308 0 4687
3309 0 8462
3310 0 11
3311 1 4503
3312 1 6992
3313 0 4349
3314 0 8606
3315 1 5601
3316 1 2836
3317 0 1291
3318 1 8231
3319 0 2081
3320 1 8493
3321 0 9367
3322 0 4913
3323 1 3407
3324 1 3477
3325 0 3210
3326 0 3907
3327 1 1193
3328 0 5027
3329 1 2144
3330 0 7666
3331 0 4380
3332 0 7148
3333 1 3208
3334 0 3048
3335 1 7979
3336 1 9715
3337 0 5769
3338 0 8851
3339 0 3931
3340 0 5249
3341 1 1791
3342 1 6533
3343 0 5433
3344 1 2421
3345 0 4531
3346 1 885
3347 1 1138
3348 1 9801
3349 0 827
3350 0 5184
3351 1 2396
3352 0 4324
3353 0 4650
3354 0 9126
3355 1 1145
3356 0 6277
3357 1 428
3358 1 7300
3359 0 9659
3360 1 929
3361 0 603
3362 1 7747
3363 0 2911
3364 1 9916
3365 0 3984
3366 0 4223
3367 1 3792
3368 1 9609
3369 0 9528
3370 1 9411
3371 0 1689
3372 0 9696
3373 0 3900
3374 1 8920
3375 0 1588
3376 0 2632
3377 1 5396
3378 0 7109
3379 0 4773
3380 0 8511
3381 1 1780
3382 1 1580
3383 0 6517
3384 0 380
3385 1 6839
3386 0 3099
3387 0 9985
3388 1 3526
3389 0 5473
3390 1 9530
3391 0 2896
3392 1 313
3393 0 9539
3394 1 6711
3395 0 6623
3396 0 849
3397 0 9546
3398 1 1688
3399 1 3614
3400 0 3547
3401 0 6214
3402 1 4307
3403 0 4260
3404 1 9141
3405 0 9538
3406 0 937
3407 1 5178
3408 0 7326
3409 1 3874
3410 1 4420
3411 0 3306
3412 0 3194
3413 1 3052
3414 0 525
3415 1 5974
3416 0 7019
3417 0 9172
3418 0 3073
3419 0 6420
3420 0 9589
3421 1 1920
3422 1 9037
3423 1 6189
3424 0 836
3425 0 8960
3426 1 3969
3427 1 8387
3428 1 9746
3429 0 7972
3430 1 3848
3431 0 8179
3432 1 4817
3433 0 3332
3434 0 6036
3435 1 469
3436 1 6235
3437 1 4206
3438 1 5964
3439 1 7734
3440 0 1054
3441 1 4651
3442 0 4271
3443 1 2885
3444 0 5993
3445 1 831
3446 0 6027
3447 1 5276
3448 0 2921
3449 0 6532
3450 1 4339
3451 0 5126
3452 0 7989
3453 1 5246
3454 0 716
3455 1 2663
3456 0 4575
3457 1 5841
3458 0 5827
3459 1 4609
3460 0 5472
3461 1 7359
3462 1 2220
3463 0 2729
3464 1 179
3465 1 8849
3466 1 9920
3467 1 4851
3468 0 5211
3469 1 4028
3470 0 8643
3471 1 3013
3472 0 5415
3473 0 3197
3474 0 8498
3475 0 8075
3476 1 9197
3477 1 236
3478 1 9388
3479 1 5525
3480 1 8527
3481 0 2584
3482 1 9404
3483 1 7870
3484 1 4546
3485 0 1959
3486 0 3079
3487 0 7033
3488 0 5829
3489 1 5234
3490 0 9246
3491 1 3325
3492 1 5110
3493 0 3561
3494 1 2679
3495 1 16
3496 1 5407
3497 1 7498
3498 0 9699
3499 1 3814
3500 0 696
3501 1 7452
3502 1 5745
3503 1 6714
3504 1 1888
3505 0 4080
3506 0 2943
3507 0 2865
3508 0 9756
3509 0 5113
3510 0 4840
3511 0 7802
3512 1 4018
3513 0 6652
3514 0 9419
3515 1 8147
3516 1 8152
3517 0 5755
3518 0 6062
3519 0 5788
3520 1 366
3521 1 3921
3522 0 7099
3523 1 2294
3524 1 5171
3525 0 946
3526 1 4629
3527 0 7421
3528 1 4977
3529 1 4203
3530 1 9123
3531 1 2820
3532 1 1199
3533 1 8550
3534 1 937
3535 1 1076
3536 1 3144
3537 1 7325
3538 1 959
3539 1 7907
3540 1 663
3541 0 9712
3542 1 2715
3543 1 9203
3544 0 1689
3545 0 146
3546 0 1809
3547 1 5811
3548 0 567
3549 1 6081
3550 0 5093
3551 0 4743
3552 0 7165
3553 1 9509
3554 1 9998
3555 1 8336
3556 0 1646
3557 1 8374
3558 1 84
3559 0 2473
3560 0 6394
3561 1 9523
3562 1 7240
3563 1 8883
3564 0 4163
3565 1 4454
3566 1 1590
3567 1 2656
3568 0 5262
3569 0 2668
3570 0 5723
3571 1 6093
3572 0 9049
3573 0 249
3574 1 2449
3575 0 8907
3576 1 4451
3577 1 4784
3578 1 3631
3579 1 6438
3580 0 3778
3581 1 8546
3582 1 666
3583 0 6960
3584 1 4578
3585 1 654
3586 0 136
3587 0 2940
3588 0 3319
3589 0 2076
3590 1 1860
3591 1 5097
3592 1 6010
3593 1 97
3594 0 3616
3595 0 3615
3596 1 489
3597 0 3356
3598 1 9191
3599 0 1499
3600 1 6756
3601 1 8198
3602 0 4724
3603 1 1602
3604 1 4183
3605 0 7701
3606 1 7807
3607 1 1907
3608 1 8444
3609 0 3682
3610 1 9778
3611 1 1082
3612 1 3822
3613 0 3364
3614 0 8004
3615 1 6693
3616 0 9275
3617 1 154
3618 1 2610
3619 0 6825
3620 1 6507
3621 1 2226
3622 1 5893
3623 1 1598
3624 1 9092
3625 1 2632
3626 0 1316
3627 1 8302
3628 1 3813
3629 1 6606
3630 0 9765
3631 0 6679
3632 0 577
3633 0 3117
3634 1 4197
3635 0 9379
3636 0 4890
3637 0 1640
3638 0 337
3639 1 1905
3640 1 4096
3641 1 9592
3642 0 1622
3643 1 7242
3644 0 4438
3645 1 12
3646 0 4528
3647 0 361
3648 0 3212
3649 0 5640
3650 1 7442
3651 0 2353
3652 1 7004
3653 0 9870
3654 1 7723
3655 1 8646
3656 1 6953
3657 1 4160
3658 0 5809
3659 1 3432
3660 1 5657
3661 1 4860
3662 0 6769
3663 0 1574
3664 0 6088
3665 0 3578
3666 0 6414
3667 0 6915
3668 1 7486
3669 1 5013
3670 0 5104
3671 0 9252
3672 0 3212
3673 1 3275
3674 0 4085
3675 0 955
3676 1 6643
3677 0 8114
3678 1 6115
3679 0 4127
3680 1 1832
3681 0 3070
3682 0 6702
3683 1 2226
3684 1 2279
3685 1 2360
3686 1 7141
3687 0 1837
3688 0 8086
3689 0 989
3690 0 3596
3691 1 6393
3692 1 7901
3693 0 9330
3694 0 4386
3695 0 3336
3696 0 5546
3697 1 6091
3698 0 861
3699 1 1426
3700 0 4954
3701 1 9307
3702 0 4563
3703 1 1931
3704 0 5732
3705 0 9412
3706 0 5656
3707 0 8766
3708 0 6943
3709 1 982
3710 1 7221
3711 0 7726
3712 1 1495
3713 1 8132
3714 1 4542
3715 0 1225
3716 1 6061
3717 0 3102
3718 1 3105
3719 0 8574
3720 1 3171
3721 0 5561
3722 1 6932
3723 1 4270
3724 0 6729
3725 1 9628
3726 1 6327
3727 0 9906
3728 1 2756
3729 1 8532
3730 0 588
3731 1 3246
3732 0 4225
3733 0 2822
3734 1 3880
3735 1 4342
3736 0 6137
3737 0 7543
3738 0 9724
3739 1 3587
3740 1 274
3741 0 4621
3742 0 1037
3743 0 90
3744 1 1779
3745 1 7075
3746 1 5512
3747 1 9484
3748 1 6114
3749 1 5240
3750 0 4404
3751 0 7269
3752 0 5378
3753 0 6672
3754 1 6239
3755 1 7822
3756 1 434
3757 0 7540
3758 0 1123
3759 1 5625
3760 0 3751
3761 1 5480
3762 0 1879
3763 0 7376
3764 1 5739
3765 0 5670
3766 0 9573
3767 0 3463
3768 1 1381
3769 1 5285
3770 1 5900
3771 1 8330
3772 1 1274
3773 0 3042
3774 0 7796
3775 0 3985
3776 1 6229
3777 0 1601
3778 0 8529
3779 0 5400
3780 1 6695
3781 1 3209
3782 1 4390
3783 0 2969
3784 0 1693
3785 1 6310
3786 1 7526
3787 1 742
3788 0 2828
3789 0 2765
3790 0 3566
3791 0 5149
3792 0 5777
3793 1 5811
3794 1 9450
3795 1 5604
3796 0 2225
3797 0 3444
3798 0 5454
3799 1 6383
3800 0 3070
3801 0 4549
3802 0 1055
3803 0 9795
3804 0 7399
3805 0 6890
3806 0 2757
3807 1 6940
3808 1 6810
3809 0 4417
3810 1 5234
3811 0 4576
3812 0 9835
3813 0 9300
3814 0 8222
3815 0 1529
3816 1 4854
3817 0 687
3818 1 1548
3819 1 6624
3820 1 4392
3821 1 4027
3822 0 7986
3823 0 4475
3824 1 5768
3825 1 7707
3826 0 9210
3827 1 895
3828 0 7515
3829 0 6591
3830 0 533
3831 1 4930
3832 0 9606
3833 0 6944
3834 1 8962
3835 1 4423
3836 0 441
3837 1 3489
3838 0 880
3839 0 9798
3840 0 4948
3841 0 6626
3842 1 1685
3843 1 1848
3844 1 7053
3845 0 9134
3846 0 4502
3847 0 3801
3848 1 3492
3849 0 5295
3850 1 6960
3851 1 9460
3852 1 2068
3853 0 709
3854 1 5841
3855 1 3696
3856 1 8478
3857 1 3288
3858 1 24
3859 0 879
3860 1 8488
3861 1 3647
3862 0 8568
3863 0 6471
3864 0 1432
3865 0 6535
3866 0 8323
3867 1 4546
3868 0 9062
3869 0 2053
3870 0 4164
3871 0 1420
3872 0 8436
3873 1 907
3874 0 3113
3875 1 1948
3876 1 6732
3877 1 296
3878 0 3213
3879 0 996
3880 1 6077
3881 1 6433
3882 0 6908
3883 0 1164
3884 0 5200
3885 0 4811
3886 0 5271
3887 1 4557
3888 0 634
3889 1 3766
3890 0 9417
3891 0 8973
3892 0 8832
3893 1 9306
3894 0 1624
3895 0 1704
3896 0 4361
3897 1 508
3898 1 9732
3899 0 9972
3900 0 9803
3901 0 8530
3902 1 7387
3903 1 2229
3904 0 4664
3905 0 7920
3906 1 9868
3907 1 6991
3908 1 4571
3909 0 192
3910 1 4276
3911 0 3160
3912 1 7179
3913 1 6159
3914 0 9120
3915 0 8089
3916 0 80
3917 1 3076
3918 0 8774
3919 0 2767
3920 0 5551
3921 0 9611
3922 1 1311
3923 0 3853
3924 0 9067
3925 1 4077
3926 1 297
3927 1 6116
3928 1 4986
3929 0 104
3930 0 1617
3931 1 8182
3932 0 560
3933 0 5883
3934 0 2741
3935 0 1281
3936 0 17
3937 0 9435
3938 0 4439
3939 0 8703
3940 0 6751
3941 0 4958
3942 1 7807
3943 1 9806
3944 0 3443
3945 0 7665
3946 1 6239
3947 1 7164
3948 1 530
3949 1 9044
3950 1 2323
3951 1 1943
3952 0 3109
3953 1 238
3954 0 5547
3955 1 8655
3956 0 3190
3957 1 6770
3958 1 2606
3959 0 65
3960 1 3749
3961 0 7932
3962 1 1235
3963 1 5938
3964 0 1601
3965 1 5143
3966 0 355
3967 0 463
3968 0 1111
3969 1 9253
3970 1 463
3971 0 5691
3972 1 3565
3973 0 5407
3974 1 5513
3975 0 3002
3976 0 1262
3977 1 6834
3978 1 4158
3979 1 4452
3980 1 2200
3981 0 2115
3982 0 3177
3983 1 179
3984 1 2750
3985 0 1725
3986 0 2019
3987 1 8209
3988 0 2450
3989 1 4332
3990 1 7619
3991 1 459
3992 1 8332
3993 1 6037
3994 0 7750
3995 1 3962
3996 1 6888
3997 1 7211
3998 1 4219
3999 1 3196
4000 0 6498
